# Parameters:
# omega_b = 0.022500, omega_m = 0.137500, n_s = 0.950000, h = 69.033203, w = -1.000000,sigma_8 = 0.755000
# z = 0.780000
#
# k[1/Mpc] # Delta^2 / k^1.5:
8.694000e-04 9.281264e-03 
2.077466e-03 7.221376e-02 
3.285532e-03 2.015650e-01 
4.493598e-03 3.925679e-01 
5.701664e-03 6.343584e-01 
6.909730e-03 9.142167e-01 
8.117797e-03 1.221189e+00 
9.325863e-03 1.543104e+00 
1.053393e-02 1.869238e+00 
1.174199e-02 2.190653e+00 
1.295006e-02 2.498260e+00 
1.415813e-02 2.786628e+00 
1.536619e-02 3.052069e+00 
1.657426e-02 3.291284e+00 
1.778233e-02 3.502390e+00 
1.899039e-02 3.688533e+00 
2.019846e-02 3.851521e+00 
2.140652e-02 3.994482e+00 
2.261459e-02 4.119588e+00 
2.382266e-02 4.231042e+00 
2.503072e-02 4.333009e+00 
2.623879e-02 4.428671e+00 
2.744685e-02 4.520920e+00 
2.865492e-02 4.612805e+00 
2.986299e-02 4.706292e+00 
3.100100e-02 4.798065e+00 
3.220400e-02 4.899936e+00 
3.288100e-02 4.960336e+00 
3.424300e-02 5.088130e+00 
3.555100e-02 5.217961e+00 
3.686000e-02 5.354844e+00 
3.795000e-02 5.472880e+00 
3.929100e-02 5.622555e+00 
4.039800e-02 5.747289e+00 
4.164000e-02 5.886460e+00 
4.294400e-02 6.027614e+00 
4.415000e-02 6.152749e+00 
4.542900e-02 6.273684e+00 
4.660900e-02 6.375729e+00 
4.782300e-02 6.463122e+00 
4.892900e-02 6.530671e+00 
5.031200e-02 6.595293e+00 
5.155900e-02 6.632989e+00 
5.238100e-02 6.648024e+00 
5.378200e-02 6.656832e+00 
5.513400e-02 6.645523e+00 
5.627600e-02 6.623027e+00 
5.735300e-02 6.593485e+00 
5.870100e-02 6.547857e+00 
5.988700e-02 6.503101e+00 
6.113500e-02 6.453716e+00 
6.225900e-02 6.409725e+00 
6.340100e-02 6.367901e+00 
6.480200e-02 6.322002e+00 
6.601100e-02 6.290588e+00 
6.725500e-02 6.267254e+00 
6.829100e-02 6.257150e+00 
6.958600e-02 6.253561e+00 
7.071100e-02 6.260894e+00 
7.192300e-02 6.278389e+00 
7.307400e-02 6.303818e+00 
7.412300e-02 6.333774e+00 
7.550400e-02 6.383010e+00 
7.663100e-02 6.428565e+00 
7.791200e-02 6.486801e+00 
7.912700e-02 6.545159e+00 
8.027600e-02 6.601007e+00 
8.138400e-02 6.654137e+00 
8.272200e-02 6.715506e+00 
8.406100e-02 6.771935e+00 
8.534100e-02 6.817784e+00 
8.653800e-02 6.851962e+00 
8.759800e-02 6.876111e+00 
8.900300e-02 6.897770e+00 
9.009000e-02 6.905302e+00 
9.113300e-02 6.904219e+00 
9.239600e-02 6.895727e+00 
9.358000e-02 6.879220e+00 
9.496100e-02 6.849327e+00 
9.608400e-02 6.819992e+00 
9.727500e-02 6.785151e+00 
9.852600e-02 6.742666e+00 
9.973800e-02 6.700599e+00 
1.009000e-01 6.659591e+00 
1.020900e-01 6.618905e+00 
1.034000e-01 6.576303e+00 
1.046000e-01 6.539706e+00 
1.057200e-01 6.511615e+00 
1.069100e-01 6.484445e+00 
1.082500e-01 6.462171e+00 
1.093900e-01 6.449159e+00 
1.105400e-01 6.439512e+00 
1.116900e-01 6.438672e+00 
1.129600e-01 6.440763e+00 
1.142000e-01 6.450505e+00 
1.153300e-01 6.462150e+00 
1.166400e-01 6.480010e+00 
1.177800e-01 6.498373e+00 
1.190000e-01 6.519405e+00 
1.201200e-01 6.539562e+00 
1.213400e-01 6.561733e+00 
1.227100e-01 6.584484e+00 
1.238900e-01 6.603168e+00 
1.250700e-01 6.618485e+00 
1.263200e-01 6.632875e+00 
1.275500e-01 6.642837e+00 
1.287500e-01 6.650037e+00 
1.299900e-01 6.653414e+00 
1.311300e-01 6.653979e+00 
1.323500e-01 6.650706e+00 
1.335900e-01 6.645043e+00 
1.347100e-01 6.636810e+00 
1.359800e-01 6.625943e+00 
1.372100e-01 6.612307e+00 
1.384300e-01 6.597982e+00 
1.395700e-01 6.582629e+00 
1.407700e-01 6.566397e+00 
1.420300e-01 6.548249e+00 
1.432800e-01 6.530295e+00 
1.444500e-01 6.513964e+00 
1.456300e-01 6.497536e+00 
1.468900e-01 6.481934e+00 
1.480500e-01 6.468172e+00 
1.491700e-01 6.456384e+00 
1.503800e-01 6.445573e+00 
1.516400e-01 6.435134e+00 
1.528200e-01 6.428907e+00 
1.540200e-01 6.422582e+00 
1.551900e-01 6.419887e+00 
1.564300e-01 6.417882e+00 
1.576600e-01 6.417543e+00 
1.588700e-01 6.419214e+00 
1.600900e-01 6.421024e+00 
1.612700e-01 6.425090e+00 
1.625400e-01 6.429469e+00 
1.637600e-01 6.434161e+00 
1.649500e-01 6.439025e+00 
1.662200e-01 6.444102e+00 
1.674000e-01 6.448159e+00 
1.685000e-01 6.451943e+00 
1.697500e-01 6.455195e+00 
1.710300e-01 6.457469e+00 
1.722200e-01 6.459583e+00 
1.734400e-01 6.458956e+00 
1.746400e-01 6.458221e+00 
1.758700e-01 6.456583e+00 
1.770900e-01 6.453137e+00 
1.782700e-01 6.449805e+00 
1.794600e-01 6.445178e+00 
1.807000e-01 6.439499e+00 
1.819100e-01 6.433961e+00 
1.830100e-01 6.428015e+00 
1.842200e-01 6.421322e+00 
1.855000e-01 6.414245e+00 
1.867000e-01 6.407520e+00 
1.879200e-01 6.400690e+00 
1.890900e-01 6.394280e+00 
1.902800e-01 6.388458e+00 
1.915200e-01 6.382398e+00 
1.926900e-01 6.377010e+00 
1.939000e-01 6.372510e+00 
1.951700e-01 6.367790e+00 
1.963100e-01 6.363963e+00 
1.975100e-01 6.361035e+00 
1.987800e-01 6.357938e+00 
2.000100e-01 6.355366e+00 
2.012500e-01 6.353774e+00 
2.023400e-01 6.352375e+00 
2.036100e-01 6.350963e+00 
2.048900e-01 6.350388e+00 
2.060400e-01 6.349871e+00 
2.072200e-01 6.349385e+00 
2.084200e-01 6.349427e+00 
2.096900e-01 6.349472e+00 
2.109200e-01 6.349515e+00 
2.121100e-01 6.349602e+00 
2.132700e-01 6.349689e+00 
2.145200e-01 6.349782e+00 
2.157200e-01 6.349773e+00 
2.168800e-01 6.349718e+00 
2.180700e-01 6.349661e+00 
2.193400e-01 6.349453e+00 
2.206000e-01 6.348968e+00 
2.217500e-01 6.348526e+00 
2.229500e-01 6.348065e+00 
2.241400e-01 6.347253e+00 
2.253500e-01 6.346418e+00 
2.264900e-01 6.345631e+00 
2.277100e-01 6.344649e+00 
2.289900e-01 6.343463e+00 
2.301500e-01 6.342388e+00 
2.313600e-01 6.341265e+00 
2.325600e-01 6.340030e+00 
2.337700e-01 6.338784e+00 
2.350000e-01 6.337519e+00 
2.362000e-01 6.336299e+00 
2.374100e-01 6.335087e+00 
2.386500e-01 6.333846e+00 
2.399100e-01 6.332584e+00 
2.410400e-01 6.331628e+00 
2.422500e-01 6.330627e+00 
2.435000e-01 6.329593e+00 
2.447300e-01 6.328633e+00 
2.458700e-01 6.327978e+00 
2.470600e-01 6.327294e+00 
2.483300e-01 6.326564e+00 
2.495600e-01 6.326001e+00 
2.507600e-01 6.325649e+00 
2.519600e-01 6.325298e+00 
2.532200e-01 6.324929e+00 
2.543700e-01 6.324804e+00 
2.555500e-01 6.324822e+00 
2.568000e-01 6.324840e+00 
2.580100e-01 6.324858e+00 
2.592400e-01 6.325108e+00 
2.604100e-01 6.325449e+00 
2.616100e-01 6.325798e+00 
2.628400e-01 6.326156e+00 
2.640600e-01 6.326707e+00 
2.652200e-01 6.327309e+00 
2.664300e-01 6.327936e+00 
2.676500e-01 6.328569e+00 
2.688400e-01 6.329326e+00 
2.700700e-01 6.330195e+00 
2.712400e-01 6.331021e+00 
2.724800e-01 6.331897e+00 
2.736700e-01 6.332800e+00 
2.748800e-01 6.333782e+00 
2.761000e-01 6.334773e+00 
2.773200e-01 6.335763e+00 
2.785400e-01 6.336782e+00 
2.797000e-01 6.337808e+00 
2.808900e-01 6.338862e+00 
2.821400e-01 6.339969e+00 
2.833900e-01 6.341077e+00 
2.845500e-01 6.342122e+00 
2.857800e-01 6.343230e+00 
2.870300e-01 6.344357e+00 
2.882100e-01 6.345421e+00 
2.893900e-01 6.346511e+00 
2.906300e-01 6.347672e+00 
2.918900e-01 6.348852e+00 
2.930500e-01 6.349938e+00 
2.942500e-01 6.351057e+00 
2.954200e-01 6.352134e+00 
2.966500e-01 6.353267e+00 
2.978900e-01 6.354408e+00 
2.990400e-01 6.355468e+00 
3.002700e-01 6.356615e+00 
3.015100e-01 6.357778e+00 
3.026800e-01 6.358876e+00 
3.038500e-01 6.359975e+00 
3.050300e-01 6.361083e+00 
3.062600e-01 6.362259e+00 
3.075000e-01 6.363445e+00 
3.087000e-01 6.364593e+00 
3.099100e-01 6.365751e+00 
3.111200e-01 6.366935e+00 
3.123100e-01 6.368144e+00 
3.135300e-01 6.369383e+00 
3.147300e-01 6.370603e+00 
3.159900e-01 6.371883e+00 
3.171800e-01 6.373133e+00 
3.183700e-01 6.374410e+00 
3.196300e-01 6.375762e+00 
3.208400e-01 6.377061e+00 
3.220300e-01 6.378338e+00 
3.232000e-01 6.379681e+00 
3.244300e-01 6.381128e+00 
3.256700e-01 6.382587e+00 
3.269200e-01 6.384058e+00 
3.280800e-01 6.385424e+00 
3.292500e-01 6.386901e+00 
3.304800e-01 6.388486e+00 
3.317100e-01 6.390072e+00 
3.328900e-01 6.391593e+00 
3.340700e-01 6.393115e+00 
3.353600e-01 6.394903e+00 
3.365300e-01 6.396572e+00 
3.377100e-01 6.398256e+00 
3.389200e-01 6.399983e+00 
3.401600e-01 6.401754e+00 
3.413700e-01 6.403588e+00 
3.425300e-01 6.405421e+00 
3.437700e-01 6.407380e+00 
3.449800e-01 6.409293e+00 
3.461800e-01 6.411191e+00 
3.473600e-01 6.413117e+00 
3.485800e-01 6.415253e+00 
3.498100e-01 6.417407e+00 
3.510200e-01 6.419527e+00 
3.522000e-01 6.421595e+00 
3.533900e-01 6.423681e+00 
3.546400e-01 6.426049e+00 
3.558400e-01 6.428333e+00 
3.570600e-01 6.430657e+00 
3.582700e-01 6.432962e+00 
3.595000e-01 6.435306e+00 
3.607100e-01 6.437713e+00 
3.618900e-01 6.440141e+00 
3.631200e-01 6.442673e+00 
3.643200e-01 6.445144e+00 
3.655500e-01 6.447678e+00 
3.667300e-01 6.450110e+00 
3.679500e-01 6.452802e+00 
3.691900e-01 6.455539e+00 
3.703600e-01 6.458123e+00 
3.715700e-01 6.460797e+00 
3.727700e-01 6.463449e+00 
3.739900e-01 6.466218e+00 
3.752000e-01 6.469095e+00 
3.763900e-01 6.471927e+00 
3.775800e-01 6.474759e+00 
3.788200e-01 6.477712e+00 
3.800300e-01 6.480594e+00 
3.812100e-01 6.483476e+00 
3.824200e-01 6.486478e+00 
3.836100e-01 6.489432e+00 
3.848600e-01 6.492537e+00 
3.860400e-01 6.495469e+00 
3.872400e-01 6.498452e+00 
3.884600e-01 6.501605e+00 
3.896500e-01 6.504727e+00 
3.908700e-01 6.507930e+00 
3.920600e-01 6.511055e+00 
3.933100e-01 6.514339e+00 
3.945300e-01 6.517546e+00 
3.957200e-01 6.520771e+00 
3.969300e-01 6.524080e+00 
3.981700e-01 6.527473e+00 
3.993500e-01 6.530703e+00 
4.094840e-01 6.558668e+00 
4.272360e-01 6.610495e+00 
4.454600e-01 6.664753e+00 
4.630560e-01 6.717608e+00 
4.804610e-01 6.769935e+00 
4.980690e-01 6.822666e+00 
5.159230e-01 6.876038e+00 
5.317440e-01 6.923292e+00 
5.489640e-01 6.975154e+00 
5.671990e-01 7.031049e+00 
5.838690e-01 7.082804e+00 
6.018840e-01 7.139997e+00 
6.202330e-01 7.199936e+00 
6.379250e-01 7.258655e+00 
6.545410e-01 7.315808e+00 
6.714560e-01 7.374798e+00 
6.892080e-01 7.438381e+00 
7.066010e-01 7.501898e+00 
7.240540e-01 7.566406e+00 
7.420450e-01 7.634328e+00 
7.593780e-01 7.700476e+00 
7.764720e-01 7.766107e+00 
7.942840e-01 7.835028e+00 
8.116170e-01 7.902404e+00 
8.288310e-01 7.969505e+00 
8.462240e-01 8.037133e+00 
8.631980e-01 8.102873e+00 
8.810700e-01 8.171751e+00 
8.989410e-01 8.240185e+00 
9.166330e-01 8.307219e+00 
9.345640e-01 8.374405e+00 
9.515980e-01 8.437367e+00 
9.688720e-01 8.500322e+00 
9.865640e-01 8.563694e+00 
1.031870e+00 8.721211e+00 
1.063490e+00 8.825609e+00 
1.097920e+00 8.936037e+00 
1.134370e+00 9.045999e+00 
1.167730e+00 9.142208e+00 
1.203830e+00 9.240161e+00 
1.240470e+00 9.334689e+00 
1.275790e+00 9.419006e+00 
1.309140e+00 9.494981e+00 
1.342970e+00 9.565551e+00 
1.378420e+00 9.636092e+00 
1.413200e+00 9.700139e+00 
1.448110e+00 9.759095e+00 
1.484090e+00 9.816514e+00 
1.518820e+00 9.866562e+00 
1.552880e+00 9.912267e+00 
1.588630e+00 9.955556e+00 
1.623230e+00 9.994653e+00 
1.657720e+00 1.003000e+01 
1.692450e+00 1.006360e+01 
1.726400e+00 1.009129e+01 
1.762200e+00 1.011730e+01 
1.797880e+00 1.014109e+01 
1.833270e+00 1.016090e+01 
1.869070e+00 1.017908e+01 
1.903200e+00 1.019381e+01 
1.937740e+00 1.020623e+01 
1.973190e+00 1.021639e+01 
2.007440e+00 1.022438e+01 
2.042160e+00 1.023107e+01 
2.077900e+00 1.023467e+01 
2.112390e+00 1.023749e+01 
2.146220e+00 1.023677e+01 
2.181600e+00 1.023535e+01 
2.216930e+00 1.023242e+01 
2.250760e+00 1.022732e+01 
2.286500e+00 1.022024e+01 
2.321770e+00 1.021283e+01 
2.355950e+00 1.020518e+01 
2.391280e+00 1.019446e+01 
2.426240e+00 1.018251e+01 
2.460670e+00 1.016965e+01 
2.495640e+00 1.015565e+01 
2.531080e+00 1.014101e+01 
2.566220e+00 1.012454e+01 
2.600830e+00 1.010763e+01 
2.635080e+00 1.009073e+01 
2.670340e+00 1.007092e+01 
2.705970e+00 1.005084e+01 
2.740040e+00 1.003136e+01 
2.774520e+00 1.001060e+01 
2.809730e+00 9.988628e+00 
2.844390e+00 9.966464e+00 
2.879960e+00 9.942884e+00 
2.914860e+00 9.919054e+00 
2.949410e+00 9.895055e+00 
2.984440e+00 9.869907e+00 
3.019760e+00 9.844632e+00 
3.054730e+00 9.819592e+00 
3.089030e+00 9.793329e+00 
3.124060e+00 9.766608e+00 
3.159560e+00 9.739645e+00 
3.194710e+00 9.711700e+00 
3.229010e+00 9.684120e+00 
3.263320e+00 9.656678e+00 
3.297930e+00 9.628841e+00 
3.332830e+00 9.600362e+00 
3.368040e+00 9.571321e+00 
3.403300e+00 9.542036e+00 
3.438450e+00 9.512407e+00 
3.473060e+00 9.483199e+00 
3.508440e+00 9.453636e+00 
3.543110e+00 9.424569e+00 
3.577470e+00 9.394752e+00 
3.613040e+00 9.364029e+00 
3.648120e+00 9.333961e+00 
3.682910e+00 9.304082e+00 
3.718050e+00 9.273697e+00 
3.753320e+00 9.243125e+00 
3.787980e+00 9.212920e+00 
3.822290e+00 9.183228e+00 
3.857020e+00 9.153442e+00 
3.891920e+00 9.123220e+00 
3.926650e+00 9.092529e+00 
3.961970e+00 9.061529e+00 
3.997360e+00 9.030838e+00 
4.031670e+00 9.001125e+00 
4.066330e+00 8.970954e+00 
4.101420e+00 8.940521e+00 
4.136200e+00 8.910703e+00 
4.170810e+00 8.881130e+00 
4.206250e+00 8.850682e+00 
4.241580e+00 8.820383e+00 
4.276300e+00 8.790707e+00 
4.310970e+00 8.761173e+00 
4.346120e+00 8.731354e+00 
4.380600e+00 8.702241e+00 
4.414730e+00 8.673519e+00 
4.450350e+00 8.643629e+00 
4.485320e+00 8.614385e+00 
4.519810e+00 8.585690e+00 
4.555430e+00 8.556179e+00 
4.590870e+00 8.526956e+00 
4.625480e+00 8.498590e+00 
4.659910e+00 8.470466e+00 
4.695230e+00 8.441806e+00 
4.729960e+00 8.413733e+00 
4.764450e+00 8.386002e+00 
4.799530e+00 8.357984e+00 
4.834910e+00 8.329821e+00 
4.869700e+00 8.302367e+00 
4.904370e+00 8.275121e+00 
4.939450e+00 8.247698e+00 
4.973940e+00 8.220965e+00 
5.008430e+00 8.194319e+00 
5.043810e+00 8.167208e+00 
5.078840e+00 8.140533e+00 
5.113500e+00 8.114224e+00 
5.148890e+00 8.087651e+00 
5.184210e+00 8.061225e+00 
5.219060e+00 8.035298e+00 
5.253660e+00 8.009818e+00 
5.288570e+00 7.984193e+00 
5.323420e+00 7.958813e+00 
5.358440e+00 7.933528e+00 
5.393590e+00 7.908229e+00 
5.428310e+00 7.883495e+00 
5.462800e+00 7.859095e+00 
5.497640e+00 7.834524e+00 
5.532670e+00 7.810105e+00 
5.567280e+00 7.786120e+00 
5.602000e+00 7.762134e+00 
5.637270e+00 7.738062e+00 
5.672410e+00 7.714205e+00 
5.707020e+00 7.690779e+00 
5.742040e+00 7.667395e+00 
5.777430e+00 7.643887e+00 
5.812210e+00 7.620855e+00 
5.846820e+00 7.598196e+00 
5.881610e+00 7.575536e+00 
5.916510e+00 7.552872e+00 
5.951600e+00 7.530392e+00 
5.986560e+00 7.508170e+00 
6.021830e+00 7.485817e+00 
6.056490e+00 7.464072e+00 
6.091160e+00 7.442517e+00 
6.125830e+00 7.421025e+00 
6.161090e+00 7.399319e+00 
6.195760e+00 7.378226e+00 
6.230420e+00 7.357200e+00 
6.265690e+00 7.335877e+00 
6.300950e+00 7.314949e+00 
6.335620e+00 7.294430e+00 
6.370880e+00 7.273620e+00 
6.405550e+00 7.253404e+00 
6.440220e+00 7.233322e+00 
6.475480e+00 7.212955e+00 
6.510150e+00 7.193076e+00 
6.544810e+00 7.173466e+00 
6.580080e+00 7.153567e+00 
6.614750e+00 7.134059e+00 
6.649410e+00 7.114862e+00 
6.684080e+00 7.095761e+00 
6.719340e+00 7.076387e+00 
6.754010e+00 7.057469e+00 
6.788680e+00 7.038792e+00 
6.823940e+00 7.019847e+00 
6.859800e+00 7.000632e+00 
6.894470e+00 6.982304e+00 
6.929140e+00 6.964096e+00 
6.963800e+00 6.945940e+00 
6.999070e+00 6.927532e+00 
7.033730e+00 6.909757e+00 
7.068400e+00 6.892022e+00 
7.103660e+00 6.874033e+00 
7.138330e+00 6.856478e+00 
7.173600e+00 6.838850e+00 
7.208260e+00 6.821571e+00 
7.243530e+00 6.804033e+00 
7.277600e+00 6.787275e+00 
7.312860e+00 6.770103e+00 
7.348120e+00 6.752975e+00 
7.382790e+00 6.736175e+00 
7.417460e+00 6.719586e+00 
7.452720e+00 6.702844e+00 
7.487390e+00 6.686423e+00 
7.522650e+00 6.669763e+00 
7.557320e+00 6.653606e+00 
7.591990e+00 6.637556e+00 
7.627250e+00 6.621273e+00 
7.662510e+00 6.605030e+00 
7.697180e+00 6.589278e+00 
7.731850e+00 6.573635e+00 
7.766510e+00 6.558032e+00 
7.801180e+00 6.542463e+00 
7.836440e+00 6.526813e+00 
7.871110e+00 6.511554e+00 
7.906380e+00 6.496067e+00 
7.941040e+00 6.480883e+00 
7.976310e+00 6.465568e+00 
8.011570e+00 6.450411e+00 
8.046240e+00 6.435543e+00 
8.080900e+00 6.420713e+00 
8.115570e+00 6.405967e+00 
8.150830e+00 6.391209e+00 
8.185500e+00 6.376731e+00 
8.220770e+00 6.362036e+00 
8.255430e+00 6.347628e+00 
8.290100e+00 6.333425e+00 
8.324770e+00 6.319276e+00 
8.359430e+00 6.305162e+00 
8.394700e+00 6.290832e+00 
8.429960e+00 6.276651e+00 
8.464630e+00 6.262855e+00 
8.499890e+00 6.248854e+00 
8.534560e+00 6.235119e+00 
8.569200e+00 6.221426e+00 
