# Parameters:
# omega_b = 0.022500, omega_m = 0.137500, n_s = 0.950000, h = 69.033203, w = -1.000000,sigma_8 = 0.755000
# z = 0.869999
#
# k[1/Mpc] # Delta^2:
8.694000e-04 2.200538e-07 
2.077466e-03 6.329006e-06 
3.285532e-03 3.513180e-05 
4.493598e-03 1.094336e-04 
5.701664e-03 2.527010e-04 
6.909730e-03 4.857603e-04 
8.117797e-03 8.261276e-04 
9.325863e-03 1.285208e-03 
1.053393e-02 1.868705e-03 
1.174199e-02 2.577047e-03 
1.295006e-02 3.403492e-03 
1.415813e-02 4.339229e-03 
1.536619e-02 5.372998e-03 
1.657426e-02 6.489851e-03 
1.778233e-02 7.673009e-03 
1.899039e-02 8.914895e-03 
2.019846e-02 1.020768e-02 
2.140652e-02 1.154785e-02 
2.261459e-02 1.292969e-02 
2.382266e-02 1.435561e-02 
2.503072e-02 1.583180e-02 
2.623879e-02 1.736451e-02 
2.744685e-02 1.896221e-02 
2.865492e-02 2.063665e-02 
2.986299e-02 2.239820e-02 
3.100100e-02 2.415046e-02 
3.220400e-02 2.611079e-02 
3.288100e-02 2.726951e-02 
3.424300e-02 2.972627e-02 
3.555100e-02 3.224677e-02 
3.686000e-02 3.493663e-02 
3.795000e-02 3.730230e-02 
3.929100e-02 4.037219e-02 
4.039800e-02 4.302537e-02 
4.164000e-02 4.611687e-02 
4.294400e-02 4.946079e-02 
4.415000e-02 5.263191e-02 
4.542900e-02 5.601841e-02 
4.660900e-02 5.916501e-02 
4.782300e-02 6.233654e-02 
4.892900e-02 6.518755e-02 
5.031200e-02 6.864387e-02 
5.155900e-02 7.161762e-02 
5.238100e-02 7.350183e-02 
5.378200e-02 7.656706e-02 
5.513400e-02 7.933044e-02 
5.627600e-02 8.152340e-02 
5.735300e-02 8.349229e-02 
5.870100e-02 8.584255e-02 
5.988700e-02 8.784068e-02 
6.113500e-02 8.989880e-02 
6.225900e-02 9.174659e-02 
6.340100e-02 9.365408e-02 
6.480200e-02 9.606240e-02 
6.601100e-02 9.825949e-02 
6.725500e-02 1.006634e-01 
6.829100e-02 1.028241e-01 
6.958600e-02 1.056927e-01 
7.071100e-02 1.083872e-01 
7.192300e-02 1.114930e-01 
7.307400e-02 1.146410e-01 
7.412300e-02 1.176750e-01 
7.550400e-02 1.219223e-01 
7.663100e-02 1.255559e-01 
7.791200e-02 1.298894e-01 
7.912700e-02 1.341432e-01 
8.027600e-02 1.382528e-01 
8.138400e-02 1.422680e-01 
8.272200e-02 1.471438e-01 
8.406100e-02 1.520043e-01 
8.534100e-02 1.565462e-01 
8.653800e-02 1.606539e-01 
8.759800e-02 1.641902e-01 
8.900300e-02 1.686808e-01 
9.009000e-02 1.719600e-01 
9.113300e-02 1.749158e-01 
9.239600e-02 1.783270e-01 
9.358000e-02 1.813087e-01 
9.496100e-02 1.845000e-01 
9.608400e-02 1.869493e-01 
9.727500e-02 1.894297e-01 
9.852600e-02 1.918447e-01 
9.973800e-02 1.941336e-01 
1.009000e-01 1.962841e-01 
1.020900e-01 1.984992e-01 
1.034000e-01 2.009777e-01 
1.046000e-01 2.033007e-01 
1.057200e-01 2.056433e-01 
1.069100e-01 2.082060e-01 
1.082500e-01 2.113543e-01 
1.093900e-01 2.142309e-01 
1.105400e-01 2.172556e-01 
1.116900e-01 2.205950e-01 
1.129600e-01 2.244089e-01 
1.142000e-01 2.284345e-01 
1.153300e-01 2.322328e-01 
1.166400e-01 2.368370e-01 
1.177800e-01 2.409890e-01 
1.190000e-01 2.455273e-01 
1.201200e-01 2.497688e-01 
1.213400e-01 2.544411e-01 
1.227100e-01 2.596649e-01 
1.238900e-01 2.641718e-01 
1.250700e-01 2.685825e-01 
1.263200e-01 2.732175e-01 
1.275500e-01 2.776381e-01 
1.287500e-01 2.818721e-01 
1.299900e-01 2.860971e-01 
1.311300e-01 2.898874e-01 
1.323500e-01 2.937847e-01 
1.335900e-01 2.976510e-01 
1.347100e-01 3.010049e-01 
1.359800e-01 3.047391e-01 
1.372100e-01 3.082042e-01 
1.384300e-01 3.115998e-01 
1.395700e-01 3.146682e-01 
1.407700e-01 3.178898e-01 
1.420300e-01 3.212024e-01 
1.432800e-01 3.244850e-01 
1.444500e-01 3.275698e-01 
1.456300e-01 3.306776e-01 
1.468900e-01 3.340913e-01 
1.480500e-01 3.372624e-01 
1.491700e-01 3.404035e-01 
1.503800e-01 3.439025e-01 
1.516400e-01 3.475938e-01 
1.528200e-01 3.512568e-01 
1.540200e-01 3.549889e-01 
1.551900e-01 3.588421e-01 
1.564300e-01 3.629892e-01 
1.576600e-01 3.672175e-01 
1.588700e-01 3.715168e-01 
1.600900e-01 3.758773e-01 
1.612700e-01 3.802607e-01 
1.625400e-01 3.850010e-01 
1.637600e-01 3.896092e-01 
1.649500e-01 3.941450e-01 
1.662200e-01 3.990019e-01 
1.674000e-01 4.034931e-01 
1.685000e-01 4.076979e-01 
1.697500e-01 4.124264e-01 
1.710300e-01 4.172176e-01 
1.722200e-01 4.216901e-01 
1.734400e-01 4.260953e-01 
1.746400e-01 4.304336e-01 
1.758700e-01 4.348302e-01 
1.770900e-01 4.390704e-01 
1.782700e-01 4.431808e-01 
1.794600e-01 4.472404e-01 
1.807000e-01 4.514131e-01 
1.819100e-01 4.554915e-01 
1.830100e-01 4.591327e-01 
1.842200e-01 4.631302e-01 
1.855000e-01 4.673635e-01 
1.867000e-01 4.713261e-01 
1.879200e-01 4.753591e-01 
1.890900e-01 4.792409e-01 
1.902800e-01 4.832474e-01 
1.915200e-01 4.874275e-01 
1.926900e-01 4.914033e-01 
1.939000e-01 4.956096e-01 
1.951700e-01 5.000319e-01 
1.963100e-01 5.040418e-01 
1.975100e-01 5.083624e-01 
1.987800e-01 5.129444e-01 
2.000100e-01 5.174293e-01 
2.012500e-01 5.220505e-01 
2.023400e-01 5.261219e-01 
2.036100e-01 5.308961e-01 
2.048900e-01 5.357968e-01 
2.060400e-01 5.402113e-01 
2.072200e-01 5.447566e-01 
2.084200e-01 5.494432e-01 
2.096900e-01 5.544171e-01 
2.109200e-01 5.592479e-01 
2.121100e-01 5.639420e-01 
2.132700e-01 5.685302e-01 
2.145200e-01 5.734877e-01 
2.157200e-01 5.782524e-01 
2.168800e-01 5.828667e-01 
2.180700e-01 5.876124e-01 
2.193400e-01 5.926782e-01 
2.206000e-01 5.976941e-01 
2.217500e-01 6.022834e-01 
2.229500e-01 6.070838e-01 
2.241400e-01 6.118263e-01 
2.253500e-01 6.166590e-01 
2.264900e-01 6.212224e-01 
2.277100e-01 6.261070e-01 
2.289900e-01 6.312323e-01 
2.301500e-01 6.358876e-01 
2.313600e-01 6.407541e-01 
2.325600e-01 6.455879e-01 
2.337700e-01 6.504727e-01 
2.350000e-01 6.554490e-01 
2.362000e-01 6.603224e-01 
2.374100e-01 6.652565e-01 
2.386500e-01 6.703241e-01 
2.399100e-01 6.754849e-01 
2.410400e-01 6.801489e-01 
2.422500e-01 6.851570e-01 
2.435000e-01 6.903422e-01 
2.447300e-01 6.954644e-01 
2.458700e-01 7.002564e-01 
2.470600e-01 7.052696e-01 
2.483300e-01 7.106320e-01 
2.495600e-01 7.158551e-01 
2.507600e-01 7.209866e-01 
2.519600e-01 7.261300e-01 
2.532200e-01 7.315433e-01 
2.543700e-01 7.365196e-01 
2.555500e-01 7.416540e-01 
2.568000e-01 7.471061e-01 
2.580100e-01 7.523963e-01 
2.592400e-01 7.578093e-01 
2.604100e-01 7.629805e-01 
2.616100e-01 7.682968e-01 
2.628400e-01 7.737592e-01 
2.640600e-01 7.792033e-01 
2.652200e-01 7.843973e-01 
2.664300e-01 7.898279e-01 
2.676500e-01 7.953165e-01 
2.688400e-01 8.006898e-01 
2.700700e-01 8.062615e-01 
2.712400e-01 8.115739e-01 
2.724800e-01 8.172175e-01 
2.736700e-01 8.226459e-01 
2.748800e-01 8.281779e-01 
2.761000e-01 8.337688e-01 
2.773200e-01 8.393729e-01 
2.785400e-01 8.449885e-01 
2.797000e-01 8.503369e-01 
2.808900e-01 8.558357e-01 
2.821400e-01 8.616252e-01 
2.833900e-01 8.674277e-01 
2.845500e-01 8.728129e-01 
2.857800e-01 8.785357e-01 
2.870300e-01 8.843647e-01 
2.882100e-01 8.898796e-01 
2.893900e-01 8.954018e-01 
2.906300e-01 9.012150e-01 
2.918900e-01 9.071352e-01 
2.930500e-01 9.125974e-01 
2.942500e-01 9.182573e-01 
2.954200e-01 9.237791e-01 
2.966500e-01 9.295963e-01 
2.978900e-01 9.354735e-01 
2.990400e-01 9.409354e-01 
3.002700e-01 9.467857e-01 
3.015100e-01 9.526944e-01 
3.026800e-01 9.582810e-01 
3.038500e-01 9.638788e-01 
3.050300e-01 9.695357e-01 
3.062600e-01 9.754428e-01 
3.075000e-01 9.814103e-01 
3.087000e-01 9.871972e-01 
3.099100e-01 9.930440e-01 
3.111200e-01 9.989057e-01 
3.123100e-01 1.004687e+00 
3.135300e-01 1.010627e+00 
3.147300e-01 1.016480e+00 
3.159900e-01 1.022639e+00 
3.171800e-01 1.028474e+00 
3.183700e-01 1.034326e+00 
3.196300e-01 1.040534e+00 
3.208400e-01 1.046507e+00 
3.220300e-01 1.052394e+00 
3.232000e-01 1.058206e+00 
3.244300e-01 1.064334e+00 
3.256700e-01 1.070525e+00 
3.269200e-01 1.076778e+00 
3.280800e-01 1.082593e+00 
3.292500e-01 1.088488e+00 
3.304800e-01 1.094703e+00 
3.317100e-01 1.100932e+00 
3.328900e-01 1.106918e+00 
3.340700e-01 1.112917e+00 
3.353600e-01 1.119512e+00 
3.365300e-01 1.125514e+00 
3.377100e-01 1.131580e+00 
3.389200e-01 1.137813e+00 
3.401600e-01 1.144212e+00 
3.413700e-01 1.150493e+00 
3.425300e-01 1.156543e+00 
3.437700e-01 1.163023e+00 
3.449800e-01 1.169360e+00 
3.461800e-01 1.175656e+00 
3.473600e-01 1.181872e+00 
3.485800e-01 1.188341e+00 
3.498100e-01 1.194877e+00 
3.510200e-01 1.201320e+00 
3.522000e-01 1.207615e+00 
3.533900e-01 1.213977e+00 
3.546400e-01 1.220714e+00 
3.558400e-01 1.227197e+00 
3.570600e-01 1.233801e+00 
3.582700e-01 1.240366e+00 
3.595000e-01 1.247053e+00 
3.607100e-01 1.253667e+00 
3.618900e-01 1.260150e+00 
3.631200e-01 1.266921e+00 
3.643200e-01 1.273541e+00 
3.655500e-01 1.280340e+00 
3.667300e-01 1.286877e+00 
3.679500e-01 1.293693e+00 
3.691900e-01 1.300636e+00 
3.703600e-01 1.307201e+00 
3.715700e-01 1.314004e+00 
3.727700e-01 1.320765e+00 
3.739900e-01 1.327670e+00 
3.752000e-01 1.334563e+00 
3.763900e-01 1.341357e+00 
3.775800e-01 1.348165e+00 
3.788200e-01 1.355274e+00 
3.800300e-01 1.362226e+00 
3.812100e-01 1.369039e+00 
3.824200e-01 1.376052e+00 
3.836100e-01 1.382965e+00 
3.848600e-01 1.390241e+00 
3.860400e-01 1.397125e+00 
3.872400e-01 1.404141e+00 
3.884600e-01 1.411317e+00 
3.896500e-01 1.418343e+00 
3.908700e-01 1.425561e+00 
3.920600e-01 1.432618e+00 
3.933100e-01 1.440046e+00 
3.945300e-01 1.447312e+00 
3.957200e-01 1.454441e+00 
3.969300e-01 1.461713e+00 
3.981700e-01 1.469182e+00 
3.993500e-01 1.476305e+00 
4.094840e-01 1.538147e+00 
4.272360e-01 1.649910e+00 
4.454600e-01 1.768576e+00 
4.630560e-01 1.886795e+00 
4.804610e-01 2.007141e+00 
4.980690e-01 2.132255e+00 
5.159230e-01 2.262586e+00 
5.317440e-01 2.381007e+00 
5.489640e-01 2.513189e+00 
5.671990e-01 2.657090e+00 
5.838690e-01 2.792160e+00 
6.018840e-01 2.942148e+00 
6.202330e-01 3.099414e+00 
6.379250e-01 3.255188e+00 
6.545410e-01 3.405762e+00 
6.714560e-01 3.562873e+00 
6.892080e-01 3.732307e+00 
7.066010e-01 3.902811e+00 
7.240540e-01 4.078230e+00 
7.420450e-01 4.263956e+00 
7.593780e-01 4.447374e+00 
7.764720e-01 4.632468e+00 
7.942840e-01 4.829910e+00 
8.116170e-01 5.026486e+00 
8.288310e-01 5.226032e+00 
8.462240e-01 5.431810e+00 
8.631980e-01 5.636644e+00 
8.810700e-01 5.856569e+00 
8.989410e-01 6.080816e+00 
9.166330e-01 6.306879e+00 
9.345640e-01 6.540124e+00 
9.515980e-01 6.765408e+00 
9.688720e-01 6.997503e+00 
9.865640e-01 7.238856e+00 
1.031870e+00 7.873573e+00 
1.063490e+00 8.329495e+00 
1.097920e+00 8.838715e+00 
1.134370e+00 9.389701e+00 
1.167730e+00 9.905474e+00 
1.203830e+00 1.047409e+01 
1.240470e+00 1.106324e+01 
1.275790e+00 1.164009e+01 
1.309140e+00 1.219466e+01 
1.342970e+00 1.276337e+01 
1.378420e+00 1.336919e+01 
1.413200e+00 1.397075e+01 
1.448110e+00 1.458116e+01 
1.484090e+00 1.521894e+01 
1.518820e+00 1.584007e+01 
1.552880e+00 1.645530e+01 
1.588630e+00 1.710635e+01 
1.623230e+00 1.774305e+01 
1.657720e+00 1.838265e+01 
1.692450e+00 1.903320e+01 
1.726400e+00 1.967079e+01 
1.762200e+00 2.034749e+01 
1.797880e+00 2.102738e+01 
1.833270e+00 2.170453e+01 
1.869070e+00 2.239438e+01 
1.903200e+00 2.305521e+01 
1.937740e+00 2.372687e+01 
1.973190e+00 2.441864e+01 
2.007440e+00 2.509018e+01 
2.042160e+00 2.577430e+01 
2.077900e+00 2.647887e+01 
2.112390e+00 2.716308e+01 
2.146220e+00 2.783276e+01 
2.181600e+00 2.853641e+01 
2.216930e+00 2.924113e+01 
2.250760e+00 2.991596e+01 
2.286500e+00 3.062978e+01 
2.321770e+00 3.133722e+01 
2.355950e+00 3.202519e+01 
2.391280e+00 3.273394e+01 
2.426240e+00 3.343569e+01 
2.460670e+00 3.412759e+01 
2.495640e+00 3.483135e+01 
2.531080e+00 3.554525e+01 
2.566220e+00 3.625142e+01 
2.600830e+00 3.694770e+01 
2.635080e+00 3.763839e+01 
2.670340e+00 3.834525e+01 
2.705970e+00 3.906108e+01 
2.740040e+00 3.974648e+01 
2.774520e+00 4.043833e+01 
2.809730e+00 4.114402e+01 
2.844390e+00 4.183865e+01 
2.879960e+00 4.255006e+01 
2.914860e+00 4.324682e+01 
2.949410e+00 4.393638e+01 
2.984440e+00 4.463324e+01 
3.019760e+00 4.533654e+01 
3.054730e+00 4.603352e+01 
3.089030e+00 4.671144e+01 
3.124060e+00 4.740436e+01 
3.159560e+00 4.810677e+01 
3.194710e+00 4.879807e+01 
3.229010e+00 4.947183e+01 
3.263320e+00 5.014494e+01 
3.297930e+00 5.082334e+01 
3.332830e+00 5.150528e+01 
3.368040e+00 5.219145e+01 
3.403300e+00 5.287726e+01 
3.438450e+00 5.355816e+01 
3.473060e+00 5.422811e+01 
3.508440e+00 5.491213e+01 
3.543110e+00 5.558164e+01 
3.577470e+00 5.623977e+01 
3.613040e+00 5.692071e+01 
3.648120e+00 5.759129e+01 
3.682910e+00 5.825503e+01 
3.718050e+00 5.892305e+01 
3.753320e+00 5.959200e+01 
3.787980e+00 6.024718e+01 
3.822290e+00 6.089506e+01 
3.857020e+00 6.155001e+01 
3.891920e+00 6.220551e+01 
3.926650e+00 6.285324e+01 
3.961970e+00 6.351134e+01 
3.997360e+00 6.417024e+01 
4.031670e+00 6.480778e+01 
4.066330e+00 6.544876e+01 
4.101420e+00 6.609681e+01 
4.136200e+00 6.673809e+01 
4.170810e+00 6.737532e+01 
4.206250e+00 6.802446e+01 
4.241580e+00 6.867008e+01 
4.276300e+00 6.930277e+01 
4.310970e+00 6.993306e+01 
4.346120e+00 7.057076e+01 
4.380600e+00 7.119487e+01 
4.414730e+00 7.181148e+01 
4.450350e+00 7.245264e+01 
4.485320e+00 7.308084e+01 
4.519810e+00 7.369877e+01 
4.555430e+00 7.433544e+01 
4.590870e+00 7.496753e+01 
4.625480e+00 7.558350e+01 
4.659910e+00 7.619494e+01 
4.695230e+00 7.682052e+01 
4.729960e+00 7.743421e+01 
4.764450e+00 7.804233e+01 
4.799530e+00 7.865949e+01 
4.834910e+00 7.928045e+01 
4.869700e+00 7.989006e+01 
4.904370e+00 8.049618e+01 
4.939450e+00 8.110820e+01 
4.973940e+00 8.170904e+01 
5.008430e+00 8.230840e+01 
5.043810e+00 8.292208e+01 
5.078840e+00 8.352839e+01 
5.113500e+00 8.412674e+01 
5.148890e+00 8.473732e+01 
5.184210e+00 8.534513e+01 
5.219060e+00 8.594361e+01 
5.253660e+00 8.653720e+01 
5.288570e+00 8.713452e+01 
5.323420e+00 8.773002e+01 
5.358440e+00 8.832774e+01 
5.393590e+00 8.892604e+01 
5.428310e+00 8.951670e+01 
5.462800e+00 9.010255e+01 
5.497640e+00 9.069273e+01 
5.532670e+00 9.128596e+01 
5.567280e+00 9.187094e+01 
5.602000e+00 9.245617e+01 
5.637270e+00 9.305091e+01 
5.672410e+00 9.364224e+01 
5.707020e+00 9.422302e+01 
5.742040e+00 9.481103e+01 
5.777430e+00 9.540399e+01 
5.812210e+00 9.598508e+01 
5.846820e+00 9.656347e+01 
5.881610e+00 9.714369e+01 
5.916510e+00 9.772409e+01 
5.951600e+00 9.830824e+01 
5.986560e+00 9.888960e+01 
6.021830e+00 9.947444e+01 
6.056490e+00 1.000492e+02 
6.091160e+00 1.006239e+02 
6.125830e+00 1.011970e+02 
6.161090e+00 1.017792e+02 
6.195760e+00 1.023520e+02 
6.230420e+00 1.029231e+02 
6.265690e+00 1.035027e+02 
6.300950e+00 1.040839e+02 
6.335620e+00 1.046539e+02 
6.370880e+00 1.052318e+02 
6.405550e+00 1.058008e+02 
6.440220e+00 1.063692e+02 
6.475480e+00 1.069457e+02 
6.510150e+00 1.075119e+02 
6.544810e+00 1.080787e+02 
6.580080e+00 1.086539e+02 
6.614750e+00 1.092177e+02 
6.649410e+00 1.097833e+02 
6.684080e+00 1.103483e+02 
6.719340e+00 1.109213e+02 
6.754010e+00 1.114841e+02 
6.788680e+00 1.120478e+02 
6.823940e+00 1.126195e+02 
6.859800e+00 1.131992e+02 
6.894470e+00 1.137610e+02 
6.929140e+00 1.143224e+02 
6.963800e+00 1.148820e+02 
6.999070e+00 1.154501e+02 
7.033730e+00 1.160105e+02 
7.068400e+00 1.165694e+02 
7.103660e+00 1.171363e+02 
7.138330e+00 1.176936e+02 
7.173600e+00 1.182621e+02 
7.208260e+00 1.188192e+02 
7.243530e+00 1.193845e+02 
7.277600e+00 1.199314e+02 
7.312860e+00 1.204981e+02 
7.348120e+00 1.210632e+02 
7.382790e+00 1.216173e+02 
7.417460e+00 1.221726e+02 
7.452720e+00 1.227374e+02 
7.487390e+00 1.232911e+02 
7.522650e+00 1.238528e+02 
7.557320e+00 1.244067e+02 
7.591990e+00 1.249603e+02 
7.627250e+00 1.255218e+02 
7.662510e+00 1.260817e+02 
7.697180e+00 1.266342e+02 
7.731850e+00 1.271865e+02 
7.766510e+00 1.277372e+02 
7.801180e+00 1.282866e+02 
7.836440e+00 1.288469e+02 
7.871110e+00 1.293982e+02 
7.906380e+00 1.299577e+02 
7.941040e+00 1.305060e+02 
7.976310e+00 1.310644e+02 
8.011570e+00 1.316233e+02 
8.046240e+00 1.321715e+02 
8.080900e+00 1.327181e+02 
8.115570e+00 1.332645e+02 
8.150830e+00 1.338228e+02 
8.185500e+00 1.343704e+02 
8.220770e+00 1.349260e+02 
8.255430e+00 1.354706e+02 
8.290100e+00 1.360178e+02 
8.324770e+00 1.365642e+02 
8.359430e+00 1.371090e+02 
8.394700e+00 1.376620e+02 
8.429960e+00 1.382160e+02 
8.464630e+00 1.387620e+02 
8.499890e+00 1.393158e+02 
8.534560e+00 1.398591e+02 
8.569200e+00 1.404005e+02 
