# Parameters:
# omega_b = 0.022500, omega_m = 0.135000, n_s = 0.950000, h = 72.041016, w = -1.000000,sigma_8 = 0.755000
# z = 0.500000
#
# k[1/Mpc] # Delta^2 / k^1.5:
8.694000e-04 1.241671e-02 
2.077466e-03 9.642561e-02 
3.285532e-03 2.685575e-01 
4.493598e-03 5.218770e-01 
5.701664e-03 8.413402e-01 
6.909730e-03 1.209726e+00 
8.117797e-03 1.612391e+00 
9.325863e-03 2.033130e+00 
1.053393e-02 2.457736e+00 
1.174199e-02 2.874357e+00 
1.295006e-02 3.271044e+00 
1.415813e-02 3.640908e+00 
1.536619e-02 3.979306e+00 
1.657426e-02 4.282076e+00 
1.778233e-02 4.546075e+00 
1.899039e-02 4.773607e+00 
2.019846e-02 4.968711e+00 
2.140652e-02 5.138276e+00 
2.261459e-02 5.285804e+00 
2.382266e-02 5.416513e+00 
2.503072e-02 5.535893e+00 
2.623879e-02 5.648297e+00 
2.744685e-02 5.757817e+00 
2.865492e-02 5.868264e+00 
2.986299e-02 5.982279e+00 
3.100100e-02 6.095851e+00 
3.220400e-02 6.223647e+00 
3.288100e-02 6.300060e+00 
3.424300e-02 6.463052e+00 
3.555100e-02 6.629825e+00 
3.686000e-02 6.806447e+00 
3.795000e-02 6.959081e+00 
3.929100e-02 7.152778e+00 
4.039800e-02 7.313859e+00 
4.164000e-02 7.493211e+00 
4.294400e-02 7.673932e+00 
4.415000e-02 7.833051e+00 
4.542900e-02 7.985158e+00 
4.660900e-02 8.112022e+00 
4.782300e-02 8.218277e+00 
4.892900e-02 8.298525e+00 
5.031200e-02 8.371940e+00 
5.155900e-02 8.410775e+00 
5.238100e-02 8.423449e+00 
5.378200e-02 8.423351e+00 
5.513400e-02 8.398226e+00 
5.627600e-02 8.360930e+00 
5.735300e-02 8.315870e+00 
5.870100e-02 8.249809e+00 
5.988700e-02 8.187173e+00 
6.113500e-02 8.119912e+00 
6.225900e-02 8.061506e+00 
6.340100e-02 8.007253e+00 
6.480200e-02 7.949185e+00 
6.601100e-02 7.911240e+00 
6.725500e-02 7.884963e+00 
6.829100e-02 7.875801e+00 
6.958600e-02 7.876523e+00 
7.071100e-02 7.890983e+00 
7.192300e-02 7.919076e+00 
7.307400e-02 7.956987e+00 
7.412300e-02 8.000055e+00 
7.550400e-02 8.068880e+00 
7.663100e-02 8.131411e+00 
7.791200e-02 8.209738e+00 
7.912700e-02 8.286909e+00 
8.027600e-02 8.359656e+00 
8.138400e-02 8.428067e+00 
8.272200e-02 8.506084e+00 
8.406100e-02 8.576685e+00 
8.534100e-02 8.632488e+00 
8.653800e-02 8.672937e+00 
8.759800e-02 8.700640e+00 
8.900300e-02 8.723826e+00 
9.009000e-02 8.729970e+00 
9.113300e-02 8.725539e+00 
9.239600e-02 8.711357e+00 
9.358000e-02 8.687713e+00 
9.496100e-02 8.647615e+00 
9.608400e-02 8.609344e+00 
9.727500e-02 8.564634e+00 
9.852600e-02 8.511681e+00 
9.973800e-02 8.459974e+00 
1.009000e-01 8.410165e+00 
1.020900e-01 8.362178e+00 
1.034000e-01 8.312619e+00 
1.046000e-01 8.270816e+00 
1.057200e-01 8.240249e+00 
1.069100e-01 8.211344e+00 
1.082500e-01 8.189796e+00 
1.093900e-01 8.179111e+00 
1.105400e-01 8.172818e+00 
1.116900e-01 8.177520e+00 
1.129600e-01 8.186445e+00 
1.142000e-01 8.204575e+00 
1.153300e-01 8.224218e+00 
1.166400e-01 8.251910e+00 
1.177800e-01 8.278945e+00 
1.190000e-01 8.309338e+00 
1.201200e-01 8.337207e+00 
1.213400e-01 8.367648e+00 
1.227100e-01 8.397579e+00 
1.238900e-01 8.421937e+00 
1.250700e-01 8.441166e+00 
1.263200e-01 8.458996e+00 
1.275500e-01 8.470736e+00 
1.287500e-01 8.478876e+00 
1.299900e-01 8.481950e+00 
1.311300e-01 8.481715e+00 
1.323500e-01 8.476794e+00 
1.335900e-01 8.469266e+00 
1.347100e-01 8.459095e+00 
1.359800e-01 8.446101e+00 
1.372100e-01 8.430542e+00 
1.384300e-01 8.414525e+00 
1.395700e-01 8.398111e+00 
1.407700e-01 8.380848e+00 
1.420300e-01 8.362556e+00 
1.432800e-01 8.344448e+00 
1.444500e-01 8.329305e+00 
1.456300e-01 8.314060e+00 
1.468900e-01 8.300423e+00 
1.480500e-01 8.288673e+00 
1.491700e-01 8.279149e+00 
1.503800e-01 8.271204e+00 
1.516400e-01 8.263831e+00 
1.528200e-01 8.260878e+00 
1.540200e-01 8.257876e+00 
1.551900e-01 8.258561e+00 
1.564300e-01 8.260174e+00 
1.576600e-01 8.263375e+00 
1.588700e-01 8.268474e+00 
1.600900e-01 8.273730e+00 
1.612700e-01 8.280916e+00 
1.625400e-01 8.288657e+00 
1.637600e-01 8.296364e+00 
1.649500e-01 8.304045e+00 
1.662200e-01 8.312084e+00 
1.674000e-01 8.318629e+00 
1.685000e-01 8.324734e+00 
1.697500e-01 8.330445e+00 
1.710300e-01 8.335053e+00 
1.722200e-01 8.339340e+00 
1.734400e-01 8.340766e+00 
1.746400e-01 8.342043e+00 
1.758700e-01 8.342424e+00 
1.770900e-01 8.340892e+00 
1.782700e-01 8.339410e+00 
1.794600e-01 8.336653e+00 
1.807000e-01 8.332922e+00 
1.819100e-01 8.329283e+00 
1.830100e-01 8.325160e+00 
1.842200e-01 8.320486e+00 
1.855000e-01 8.315547e+00 
1.867000e-01 8.310996e+00 
1.879200e-01 8.306371e+00 
1.890900e-01 8.302101e+00 
1.902800e-01 8.298613e+00 
1.915200e-01 8.294980e+00 
1.926900e-01 8.291906e+00 
1.939000e-01 8.289891e+00 
1.951700e-01 8.287776e+00 
1.963100e-01 8.286335e+00 
1.975100e-01 8.286053e+00 
1.987800e-01 8.285754e+00 
2.000100e-01 8.285907e+00 
2.012500e-01 8.287096e+00 
2.023400e-01 8.288142e+00 
2.036100e-01 8.289587e+00 
2.048900e-01 8.291936e+00 
2.060400e-01 8.294046e+00 
2.072200e-01 8.296256e+00 
2.084200e-01 8.299041e+00 
2.096900e-01 8.301990e+00 
2.109200e-01 8.304847e+00 
2.121100e-01 8.307723e+00 
2.132700e-01 8.310535e+00 
2.145200e-01 8.313565e+00 
2.157200e-01 8.316431e+00 
2.168800e-01 8.319181e+00 
2.180700e-01 8.322004e+00 
2.193400e-01 8.324973e+00 
2.206000e-01 8.327835e+00 
2.217500e-01 8.330449e+00 
2.229500e-01 8.333178e+00 
2.241400e-01 8.335890e+00 
2.253500e-01 8.338650e+00 
2.264900e-01 8.341250e+00 
2.277100e-01 8.344102e+00 
2.289900e-01 8.347173e+00 
2.301500e-01 8.349956e+00 
2.313600e-01 8.352864e+00 
2.325600e-01 8.356147e+00 
2.337700e-01 8.359460e+00 
2.350000e-01 8.362828e+00 
2.362000e-01 8.366370e+00 
2.374100e-01 8.370247e+00 
2.386500e-01 8.374221e+00 
2.399100e-01 8.378262e+00 
2.410400e-01 8.382403e+00 
2.422500e-01 8.386906e+00 
2.435000e-01 8.391560e+00 
2.447300e-01 8.396245e+00 
2.458700e-01 8.401005e+00 
2.470600e-01 8.405977e+00 
2.483300e-01 8.411286e+00 
2.495600e-01 8.416630e+00 
2.507600e-01 8.422122e+00 
2.519600e-01 8.427617e+00 
2.532200e-01 8.433391e+00 
2.543700e-01 8.438795e+00 
2.555500e-01 8.444435e+00 
2.568000e-01 8.450413e+00 
2.580100e-01 8.456204e+00 
2.592400e-01 8.462142e+00 
2.604100e-01 8.467814e+00 
2.616100e-01 8.473636e+00 
2.628400e-01 8.479607e+00 
2.640600e-01 8.485480e+00 
2.652200e-01 8.491046e+00 
2.664300e-01 8.496856e+00 
2.676500e-01 8.502719e+00 
2.688400e-01 8.508339e+00 
2.700700e-01 8.514088e+00 
2.712400e-01 8.519561e+00 
2.724800e-01 8.525364e+00 
2.736700e-01 8.530778e+00 
2.748800e-01 8.536121e+00 
2.761000e-01 8.541512e+00 
2.773200e-01 8.546906e+00 
2.785400e-01 8.552228e+00 
2.797000e-01 8.557132e+00 
2.808900e-01 8.562166e+00 
2.821400e-01 8.567456e+00 
2.833900e-01 8.572740e+00 
2.845500e-01 8.577417e+00 
2.857800e-01 8.582379e+00 
2.870300e-01 8.587424e+00 
2.882100e-01 8.592190e+00 
2.893900e-01 8.596829e+00 
2.906300e-01 8.601636e+00 
2.918900e-01 8.606524e+00 
2.930500e-01 8.611027e+00 
2.942500e-01 8.615656e+00 
2.954200e-01 8.620074e+00 
2.966500e-01 8.624721e+00 
2.978900e-01 8.629409e+00 
2.990400e-01 8.633758e+00 
3.002700e-01 8.638367e+00 
3.015100e-01 8.642994e+00 
3.026800e-01 8.647361e+00 
3.038500e-01 8.651731e+00 
3.050300e-01 8.656141e+00 
3.062600e-01 8.660722e+00 
3.075000e-01 8.665343e+00 
3.087000e-01 8.669818e+00 
3.099100e-01 8.674332e+00 
3.111200e-01 8.678874e+00 
3.123100e-01 8.683387e+00 
3.135300e-01 8.688016e+00 
3.147300e-01 8.692571e+00 
3.159900e-01 8.697357e+00 
3.171800e-01 8.701938e+00 
3.183700e-01 8.706560e+00 
3.196300e-01 8.711456e+00 
3.208400e-01 8.716161e+00 
3.220300e-01 8.720790e+00 
3.232000e-01 8.725477e+00 
3.244300e-01 8.730458e+00 
3.256700e-01 8.735483e+00 
3.269200e-01 8.740552e+00 
3.280800e-01 8.745258e+00 
3.292500e-01 8.750149e+00 
3.304800e-01 8.755340e+00 
3.317100e-01 8.760533e+00 
3.328900e-01 8.765518e+00 
3.340700e-01 8.770506e+00 
3.353600e-01 8.776146e+00 
3.365300e-01 8.781335e+00 
3.377100e-01 8.786571e+00 
3.389200e-01 8.791944e+00 
3.401600e-01 8.797453e+00 
3.413700e-01 8.802968e+00 
3.425300e-01 8.808354e+00 
3.437700e-01 8.814116e+00 
3.449800e-01 8.819741e+00 
3.461800e-01 8.825324e+00 
3.473600e-01 8.830891e+00 
3.485800e-01 8.836833e+00 
3.498100e-01 8.842828e+00 
3.510200e-01 8.848729e+00 
3.522000e-01 8.854487e+00 
3.533900e-01 8.860299e+00 
3.546400e-01 8.866670e+00 
3.558400e-01 8.872805e+00 
3.570600e-01 8.879047e+00 
3.582700e-01 8.885243e+00 
3.595000e-01 8.891545e+00 
3.607100e-01 8.897875e+00 
3.618900e-01 8.904152e+00 
3.631200e-01 8.910700e+00 
3.643200e-01 8.917093e+00 
3.655500e-01 8.923651e+00 
3.667300e-01 8.929946e+00 
3.679500e-01 8.936782e+00 
3.691900e-01 8.943735e+00 
3.703600e-01 8.950301e+00 
3.715700e-01 8.957096e+00 
3.727700e-01 8.963840e+00 
3.739900e-01 8.970745e+00 
3.752000e-01 8.977677e+00 
3.763900e-01 8.984500e+00 
3.775800e-01 8.991329e+00 
3.788200e-01 8.998449e+00 
3.800300e-01 9.005403e+00 
3.812100e-01 9.012150e+00 
3.824200e-01 9.019047e+00 
3.836100e-01 9.025835e+00 
3.848600e-01 9.032971e+00 
3.860400e-01 9.039712e+00 
3.872400e-01 9.046573e+00 
3.884600e-01 9.053885e+00 
3.896500e-01 9.061150e+00 
3.908700e-01 9.068603e+00 
3.920600e-01 9.075879e+00 
3.933100e-01 9.083528e+00 
3.945300e-01 9.091000e+00 
3.957200e-01 9.098247e+00 
3.969300e-01 9.105608e+00 
3.981700e-01 9.113158e+00 
3.993500e-01 9.120348e+00 
4.094840e-01 9.181735e+00 
4.272360e-01 9.293494e+00 
4.454600e-01 9.407582e+00 
4.630560e-01 9.516624e+00 
4.804610e-01 9.622871e+00 
4.980690e-01 9.729752e+00 
5.159230e-01 9.836814e+00 
5.317440e-01 9.931968e+00 
5.489640e-01 1.003391e+01 
5.671990e-01 1.014134e+01 
5.838690e-01 1.024017e+01 
6.018840e-01 1.034810e+01 
6.202330e-01 1.045935e+01 
6.379250e-01 1.056578e+01 
6.545410e-01 1.066716e+01 
6.714560e-01 1.077092e+01 
6.892080e-01 1.088009e+01 
7.066010e-01 1.098615e+01 
7.240540e-01 1.109330e+01 
7.420450e-01 1.120557e+01 
7.593780e-01 1.131109e+01 
7.764720e-01 1.141559e+01 
7.942840e-01 1.152468e+01 
8.116170e-01 1.162798e+01 
8.288310e-01 1.173106e+01 
8.462240e-01 1.183256e+01 
8.631980e-01 1.193070e+01 
8.810700e-01 1.203305e+01 
8.989410e-01 1.213438e+01 
9.166330e-01 1.223221e+01 
9.345640e-01 1.232808e+01 
9.515980e-01 1.241755e+01 
9.688720e-01 1.250727e+01 
9.865640e-01 1.259665e+01 
1.031870e+00 1.281458e+01 
1.063490e+00 1.295813e+01 
1.097920e+00 1.310553e+01 
1.134370e+00 1.325385e+01 
1.167730e+00 1.337882e+01 
1.203830e+00 1.350685e+01 
1.240470e+00 1.362780e+01 
1.275790e+00 1.373406e+01 
1.309140e+00 1.382899e+01 
1.342970e+00 1.391555e+01 
1.378420e+00 1.400196e+01 
1.413200e+00 1.407816e+01 
1.448110e+00 1.414831e+01 
1.484090e+00 1.421498e+01 
1.518820e+00 1.427303e+01 
1.552880e+00 1.432281e+01 
1.588630e+00 1.437111e+01 
1.623230e+00 1.441317e+01 
1.657720e+00 1.445016e+01 
1.692450e+00 1.448583e+01 
1.726400e+00 1.451275e+01 
1.762200e+00 1.453665e+01 
1.797880e+00 1.455742e+01 
1.833270e+00 1.457458e+01 
1.869070e+00 1.458782e+01 
1.903200e+00 1.459842e+01 
1.937740e+00 1.460581e+01 
1.973190e+00 1.461002e+01 
2.007440e+00 1.461131e+01 
2.042160e+00 1.461022e+01 
2.077900e+00 1.460580e+01 
2.112390e+00 1.460153e+01 
2.146220e+00 1.459173e+01 
2.181600e+00 1.458164e+01 
2.216930e+00 1.456964e+01 
2.250760e+00 1.455560e+01 
2.286500e+00 1.453860e+01 
2.321770e+00 1.452053e+01 
2.355950e+00 1.450173e+01 
2.391280e+00 1.447948e+01 
2.426240e+00 1.445699e+01 
2.460670e+00 1.443326e+01 
2.495640e+00 1.440680e+01 
2.531080e+00 1.438051e+01 
2.566220e+00 1.435238e+01 
2.600830e+00 1.432363e+01 
2.635080e+00 1.429453e+01 
2.670340e+00 1.426214e+01 
2.705970e+00 1.422988e+01 
2.740040e+00 1.419873e+01 
2.774520e+00 1.416459e+01 
2.809730e+00 1.412982e+01 
2.844390e+00 1.409530e+01 
2.879960e+00 1.405874e+01 
2.914860e+00 1.402193e+01 
2.949410e+00 1.398523e+01 
2.984440e+00 1.394811e+01 
3.019760e+00 1.390940e+01 
3.054730e+00 1.387036e+01 
3.089030e+00 1.383176e+01 
3.124060e+00 1.379220e+01 
3.159560e+00 1.375186e+01 
3.194710e+00 1.371167e+01 
3.229010e+00 1.367234e+01 
3.263320e+00 1.363141e+01 
3.297930e+00 1.359032e+01 
3.332830e+00 1.354913e+01 
3.368040e+00 1.350714e+01 
3.403300e+00 1.346481e+01 
3.438450e+00 1.342193e+01 
3.473060e+00 1.337965e+01 
3.508440e+00 1.333734e+01 
3.543110e+00 1.329584e+01 
3.577470e+00 1.325373e+01 
3.613040e+00 1.321045e+01 
3.648120e+00 1.316842e+01 
3.682910e+00 1.312624e+01 
3.718050e+00 1.308255e+01 
3.753320e+00 1.303937e+01 
3.787980e+00 1.299788e+01 
3.822290e+00 1.295645e+01 
3.857020e+00 1.291389e+01 
3.891920e+00 1.287121e+01 
3.926650e+00 1.282876e+01 
3.961970e+00 1.278569e+01 
3.997360e+00 1.274253e+01 
4.031670e+00 1.270090e+01 
4.066330e+00 1.265928e+01 
4.101420e+00 1.261727e+01 
4.136200e+00 1.257550e+01 
4.170810e+00 1.253407e+01 
4.206250e+00 1.249210e+01 
4.241580e+00 1.245046e+01 
4.276300e+00 1.240942e+01 
4.310970e+00 1.236843e+01 
4.346120e+00 1.232720e+01 
4.380600e+00 1.228722e+01 
4.414730e+00 1.224776e+01 
4.450350e+00 1.220636e+01 
4.485320e+00 1.216584e+01 
4.519810e+00 1.212638e+01 
4.555430e+00 1.208594e+01 
4.590870e+00 1.204598e+01 
4.625480e+00 1.200741e+01 
4.659910e+00 1.196915e+01 
4.695230e+00 1.192983e+01 
4.729960e+00 1.189126e+01 
4.764450e+00 1.185300e+01 
4.799530e+00 1.181407e+01 
4.834910e+00 1.177493e+01 
4.869700e+00 1.173764e+01 
4.904370e+00 1.170077e+01 
4.939450e+00 1.166353e+01 
4.973940e+00 1.162689e+01 
5.008430e+00 1.159036e+01 
5.043810e+00 1.155292e+01 
5.078840e+00 1.151590e+01 
5.113500e+00 1.147940e+01 
5.148890e+00 1.144338e+01 
5.184210e+00 1.140760e+01 
5.219060e+00 1.137220e+01 
5.253660e+00 1.133659e+01 
5.288570e+00 1.130077e+01 
5.323420e+00 1.126567e+01 
5.358440e+00 1.123114e+01 
5.393590e+00 1.119658e+01 
5.428310e+00 1.116249e+01 
5.462800e+00 1.112870e+01 
5.497640e+00 1.109467e+01 
5.532670e+00 1.106140e+01 
5.567280e+00 1.102890e+01 
5.602000e+00 1.099639e+01 
5.637270e+00 1.096290e+01 
5.672410e+00 1.092950e+01 
5.707020e+00 1.089670e+01 
5.742040e+00 1.086454e+01 
5.777430e+00 1.083233e+01 
5.812210e+00 1.080076e+01 
5.846820e+00 1.076936e+01 
5.881610e+00 1.073786e+01 
5.916510e+00 1.070636e+01 
5.951600e+00 1.067515e+01 
5.986560e+00 1.064433e+01 
6.021830e+00 1.061331e+01 
6.056490e+00 1.058318e+01 
6.091160e+00 1.055333e+01 
6.125830e+00 1.052357e+01 
6.161090e+00 1.049337e+01 
6.195760e+00 1.046371e+01 
6.230420e+00 1.043415e+01 
6.265690e+00 1.040417e+01 
6.300950e+00 1.037481e+01 
6.335620e+00 1.034601e+01 
6.370880e+00 1.031681e+01 
6.405550e+00 1.028848e+01 
6.440220e+00 1.026034e+01 
6.475480e+00 1.023180e+01 
6.510150e+00 1.020397e+01 
6.544810e+00 1.017656e+01 
6.580080e+00 1.014874e+01 
6.614750e+00 1.012146e+01 
6.649410e+00 1.009426e+01 
6.684080e+00 1.006712e+01 
6.719340e+00 1.003959e+01 
6.754010e+00 1.001272e+01 
6.788680e+00 9.986231e+00 
6.823940e+00 9.959359e+00 
6.859800e+00 9.932104e+00 
6.894470e+00 9.906142e+00 
6.929140e+00 9.880363e+00 
6.963800e+00 9.854659e+00 
6.999070e+00 9.828572e+00 
7.033730e+00 9.803012e+00 
7.068400e+00 9.777511e+00 
7.103660e+00 9.751645e+00 
7.138330e+00 9.726548e+00 
7.173600e+00 9.701650e+00 
7.208260e+00 9.677245e+00 
7.243530e+00 9.652472e+00 
7.277600e+00 9.628393e+00 
7.312860e+00 9.603342e+00 
7.348120e+00 9.578356e+00 
7.382790e+00 9.553851e+00 
7.417460e+00 9.529934e+00 
7.452720e+00 9.505946e+00 
7.487390e+00 9.482419e+00 
7.522650e+00 9.458551e+00 
7.557320e+00 9.435154e+00 
7.591990e+00 9.411821e+00 
7.627250e+00 9.388149e+00 
7.662510e+00 9.364537e+00 
7.697180e+00 9.341656e+00 
7.731850e+00 9.318940e+00 
7.766510e+00 9.296285e+00 
7.801180e+00 9.273678e+00 
7.836440e+00 9.250750e+00 
7.871110e+00 9.228266e+00 
7.906380e+00 9.205448e+00 
7.941040e+00 9.183080e+00 
7.976310e+00 9.160555e+00 
8.011570e+00 9.138309e+00 
8.046240e+00 9.116489e+00 
8.080900e+00 9.094726e+00 
8.115570e+00 9.073055e+00 
8.150830e+00 9.051239e+00 
8.185500e+00 9.029840e+00 
8.220770e+00 9.008122e+00 
8.255430e+00 8.986831e+00 
8.290100e+00 8.965772e+00 
8.324770e+00 8.944785e+00 
8.359430e+00 8.923853e+00 
8.394700e+00 8.902603e+00 
8.429960e+00 8.881521e+00 
8.464630e+00 8.860955e+00 
8.499890e+00 8.840087e+00 
8.534560e+00 8.819617e+00 
8.569200e+00 8.799212e+00 
