# Parameters:
# omega_b = 0.022500, omega_m = 0.137500, n_s = 0.950000, h = 69.033203, w = -1.000000,sigma_8 = 0.755000
# z = 0.180000
#
# k[1/Mpc] # Delta^2:
8.694000e-04 4.277238e-07 
2.077466e-03 1.229047e-05 
3.285532e-03 6.823367e-05 
4.493598e-03 2.125271e-04 
5.701664e-03 4.907585e-04 
6.909730e-03 9.433858e-04 
8.117797e-03 1.604365e-03 
9.325863e-03 2.495762e-03 
1.053393e-02 3.628530e-03 
1.174199e-02 5.003356e-03 
1.295006e-02 6.607147e-03 
1.415813e-02 8.422632e-03 
1.536619e-02 1.042795e-02 
1.657426e-02 1.259411e-02 
1.778233e-02 1.489003e-02 
1.899039e-02 1.730265e-02 
2.019846e-02 1.981475e-02 
2.140652e-02 2.241742e-02 
2.261459e-02 2.510098e-02 
2.382266e-02 2.787025e-02 
2.503072e-02 3.073849e-02 
2.623879e-02 3.371729e-02 
2.744685e-02 3.682318e-02 
2.865492e-02 4.007896e-02 
2.986299e-02 4.350508e-02 
3.100100e-02 4.691263e-02 
3.220400e-02 5.072491e-02 
3.288100e-02 5.297740e-02 
3.424300e-02 5.775076e-02 
3.555100e-02 6.264484e-02 
3.686000e-02 6.786176e-02 
3.795000e-02 7.245204e-02 
3.929100e-02 7.839574e-02 
4.039800e-02 8.352144e-02 
4.164000e-02 8.950174e-02 
4.294400e-02 9.595265e-02 
4.415000e-02 1.020764e-01 
4.542900e-02 1.086101e-01 
4.660900e-02 1.146964e-01 
4.782300e-02 1.208231e-01 
4.892900e-02 1.263508e-01 
5.031200e-02 1.330705e-01 
5.155900e-02 1.388757e-01 
5.238100e-02 1.425658e-01 
5.378200e-02 1.486191e-01 
5.513400e-02 1.541254e-01 
5.627600e-02 1.585228e-01 
5.735300e-02 1.625104e-01 
5.870100e-02 1.673338e-01 
5.988700e-02 1.714677e-01 
6.113500e-02 1.757469e-01 
6.225900e-02 1.795989e-01 
6.340100e-02 1.835925e-01 
6.480200e-02 1.886196e-01 
6.601100e-02 1.931916e-01 
6.725500e-02 1.981552e-01 
6.829100e-02 2.025854e-01 
6.958600e-02 2.084164e-01 
7.071100e-02 2.138666e-01 
7.192300e-02 2.201003e-01 
7.307400e-02 2.263555e-01 
7.412300e-02 2.323495e-01 
7.550400e-02 2.407216e-01 
7.663100e-02 2.478471e-01 
7.791200e-02 2.562899e-01 
7.912700e-02 2.645411e-01 
8.027600e-02 2.725258e-01 
8.138400e-02 2.803307e-01 
8.272200e-02 2.898030e-01 
8.406100e-02 2.992464e-01 
8.534100e-02 3.081093e-01 
8.653800e-02 3.161990e-01 
8.759800e-02 3.232162e-01 
8.900300e-02 3.322061e-01 
9.009000e-02 3.388127e-01 
9.113300e-02 3.448970e-01 
9.239600e-02 3.520297e-01 
9.358000e-02 3.583810e-01 
9.496100e-02 3.653524e-01 
9.608400e-02 3.708194e-01 
9.727500e-02 3.764616e-01 
9.852600e-02 3.821258e-01 
9.973800e-02 3.875915e-01 
1.009000e-01 3.928156e-01 
1.020900e-01 3.982299e-01 
1.034000e-01 4.042864e-01 
1.046000e-01 4.099512e-01 
1.057200e-01 4.155366e-01 
1.069100e-01 4.216146e-01 
1.082500e-01 4.289317e-01 
1.093900e-01 4.354758e-01 
1.105400e-01 4.422837e-01 
1.116900e-01 4.496065e-01 
1.129600e-01 4.579131e-01 
1.142000e-01 4.664973e-01 
1.153300e-01 4.745210e-01 
1.166400e-01 4.841234e-01 
1.177800e-01 4.927204e-01 
1.190000e-01 5.020883e-01 
1.201200e-01 5.107448e-01 
1.213400e-01 5.202614e-01 
1.227100e-01 5.309186e-01 
1.238900e-01 5.401211e-01 
1.250700e-01 5.491567e-01 
1.263200e-01 5.586928e-01 
1.275500e-01 5.678840e-01 
1.287500e-01 5.767516e-01 
1.299900e-01 5.857067e-01 
1.311300e-01 5.938448e-01 
1.323500e-01 6.023778e-01 
1.335900e-01 6.109649e-01 
1.347100e-01 6.185793e-01 
1.359800e-01 6.271831e-01 
1.372100e-01 6.354136e-01 
1.384300e-01 6.435645e-01 
1.395700e-01 6.511021e-01 
1.407700e-01 6.590626e-01 
1.420300e-01 6.674694e-01 
1.432800e-01 6.758366e-01 
1.444500e-01 6.837336e-01 
1.456300e-01 6.917225e-01 
1.468900e-01 7.004660e-01 
1.480500e-01 7.086007e-01 
1.491700e-01 7.165542e-01 
1.503800e-01 7.252729e-01 
1.516400e-01 7.344490e-01 
1.528200e-01 7.433465e-01 
1.540200e-01 7.524364e-01 
1.551900e-01 7.615293e-01 
1.564300e-01 7.712618e-01 
1.576600e-01 7.810747e-01 
1.588700e-01 7.909135e-01 
1.600900e-01 8.008932e-01 
1.612700e-01 8.106871e-01 
1.625400e-01 8.212882e-01 
1.637600e-01 8.315992e-01 
1.649500e-01 8.417547e-01 
1.662200e-01 8.526430e-01 
1.674000e-01 8.627419e-01 
1.685000e-01 8.722053e-01 
1.697500e-01 8.829551e-01 
1.710300e-01 8.939621e-01 
1.722200e-01 9.042501e-01 
1.734400e-01 9.146435e-01 
1.746400e-01 9.249072e-01 
1.758700e-01 9.354335e-01 
1.770900e-01 9.458311e-01 
1.782700e-01 9.559330e-01 
1.794600e-01 9.660606e-01 
1.807000e-01 9.765872e-01 
1.819100e-01 9.869024e-01 
1.830100e-01 9.962312e-01 
1.842200e-01 1.006517e+00 
1.855000e-01 1.017444e+00 
1.867000e-01 1.027809e+00 
1.879200e-01 1.038388e+00 
1.890900e-01 1.048578e+00 
1.902800e-01 1.059002e+00 
1.915200e-01 1.069907e+00 
1.926900e-01 1.080279e+00 
1.939000e-01 1.091186e+00 
1.951700e-01 1.102684e+00 
1.963100e-01 1.113070e+00 
1.975100e-01 1.124112e+00 
1.987800e-01 1.135849e+00 
2.000100e-01 1.147294e+00 
2.012500e-01 1.158950e+00 
2.023400e-01 1.169239e+00 
2.036100e-01 1.181299e+00 
2.048900e-01 1.193592e+00 
2.060400e-01 1.204686e+00 
2.072200e-01 1.216122e+00 
2.084200e-01 1.227860e+00 
2.096900e-01 1.240339e+00 
2.109200e-01 1.252481e+00 
2.121100e-01 1.264261e+00 
2.132700e-01 1.275792e+00 
2.145200e-01 1.288272e+00 
2.157200e-01 1.300301e+00 
2.168800e-01 1.311976e+00 
2.180700e-01 1.324003e+00 
2.193400e-01 1.336891e+00 
2.206000e-01 1.349727e+00 
2.217500e-01 1.361491e+00 
2.229500e-01 1.373818e+00 
2.241400e-01 1.386092e+00 
2.253500e-01 1.398624e+00 
2.264900e-01 1.410479e+00 
2.277100e-01 1.423256e+00 
2.289900e-01 1.436764e+00 
2.301500e-01 1.449057e+00 
2.313600e-01 1.461933e+00 
2.325600e-01 1.474741e+00 
2.337700e-01 1.487710e+00 
2.350000e-01 1.500948e+00 
2.362000e-01 1.513972e+00 
2.374100e-01 1.527224e+00 
2.386500e-01 1.540864e+00 
2.399100e-01 1.554784e+00 
2.410400e-01 1.567329e+00 
2.422500e-01 1.580819e+00 
2.435000e-01 1.594813e+00 
2.447300e-01 1.608664e+00 
2.458700e-01 1.621637e+00 
2.470600e-01 1.635236e+00 
2.483300e-01 1.649810e+00 
2.495600e-01 1.664011e+00 
2.507600e-01 1.677959e+00 
2.519600e-01 1.691964e+00 
2.532200e-01 1.706734e+00 
2.543700e-01 1.720301e+00 
2.555500e-01 1.734298e+00 
2.568000e-01 1.749190e+00 
2.580100e-01 1.763667e+00 
2.592400e-01 1.778450e+00 
2.604100e-01 1.792574e+00 
2.616100e-01 1.807119e+00 
2.628400e-01 1.822091e+00 
2.640600e-01 1.837043e+00 
2.652200e-01 1.851334e+00 
2.664300e-01 1.866303e+00 
2.676500e-01 1.881459e+00 
2.688400e-01 1.896249e+00 
2.700700e-01 1.911563e+00 
2.712400e-01 1.926190e+00 
2.724800e-01 1.941755e+00 
2.736700e-01 1.956759e+00 
2.748800e-01 1.972084e+00 
2.761000e-01 1.987599e+00 
2.773200e-01 2.003178e+00 
2.785400e-01 2.018808e+00 
2.797000e-01 2.033706e+00 
2.808900e-01 2.049048e+00 
2.821400e-01 2.065229e+00 
2.833900e-01 2.081475e+00 
2.845500e-01 2.096585e+00 
2.857800e-01 2.112669e+00 
2.870300e-01 2.129080e+00 
2.882100e-01 2.144633e+00 
2.893900e-01 2.160194e+00 
2.906300e-01 2.176582e+00 
2.918900e-01 2.193300e+00 
2.930500e-01 2.208750e+00 
2.942500e-01 2.224798e+00 
2.954200e-01 2.240522e+00 
2.966500e-01 2.257115e+00 
2.978900e-01 2.273908e+00 
2.990400e-01 2.289541e+00 
3.002700e-01 2.306304e+00 
3.015100e-01 2.323260e+00 
3.026800e-01 2.339319e+00 
3.038500e-01 2.355435e+00 
3.050300e-01 2.371747e+00 
3.062600e-01 2.388725e+00 
3.075000e-01 2.405904e+00 
3.087000e-01 2.422591e+00 
3.099100e-01 2.439478e+00 
3.111200e-01 2.456457e+00 
3.123100e-01 2.473268e+00 
3.135300e-01 2.490565e+00 
3.147300e-01 2.507642e+00 
3.159900e-01 2.525639e+00 
3.171800e-01 2.542748e+00 
3.183700e-01 2.559950e+00 
3.196300e-01 2.578232e+00 
3.208400e-01 2.595854e+00 
3.220300e-01 2.613249e+00 
3.232000e-01 2.630334e+00 
3.244300e-01 2.648329e+00 
3.256700e-01 2.666537e+00 
3.269200e-01 2.684959e+00 
3.280800e-01 2.702116e+00 
3.292500e-01 2.719632e+00 
3.304800e-01 2.738161e+00 
3.317100e-01 2.756760e+00 
3.328900e-01 2.774667e+00 
3.340700e-01 2.792638e+00 
3.353600e-01 2.812358e+00 
3.365300e-01 2.830309e+00 
3.377100e-01 2.848478e+00 
3.389200e-01 2.867175e+00 
3.401600e-01 2.886405e+00 
3.413700e-01 2.905274e+00 
3.425300e-01 2.923453e+00 
3.437700e-01 2.942954e+00 
3.449800e-01 2.962054e+00 
3.461800e-01 2.981064e+00 
3.473600e-01 2.999841e+00 
3.485800e-01 3.019368e+00 
3.498100e-01 3.039128e+00 
3.510200e-01 3.058636e+00 
3.522000e-01 3.077729e+00 
3.533900e-01 3.097052e+00 
3.546400e-01 3.117472e+00 
3.558400e-01 3.137150e+00 
3.570600e-01 3.157228e+00 
3.582700e-01 3.177214e+00 
3.595000e-01 3.197603e+00 
3.607100e-01 3.217767e+00 
3.618900e-01 3.237527e+00 
3.631200e-01 3.258199e+00 
3.643200e-01 3.278439e+00 
3.655500e-01 3.299259e+00 
3.667300e-01 3.319305e+00 
3.679500e-01 3.340212e+00 
3.691900e-01 3.361539e+00 
3.703600e-01 3.381735e+00 
3.715700e-01 3.402696e+00 
3.727700e-01 3.423558e+00 
3.739900e-01 3.444841e+00 
3.752000e-01 3.466021e+00 
3.763900e-01 3.486925e+00 
3.775800e-01 3.507903e+00 
3.788200e-01 3.529840e+00 
3.800300e-01 3.551324e+00 
3.812100e-01 3.572330e+00 
3.824200e-01 3.593933e+00 
3.836100e-01 3.615254e+00 
3.848600e-01 3.637729e+00 
3.860400e-01 3.659020e+00 
3.872400e-01 3.680747e+00 
3.884600e-01 3.702898e+00 
3.896500e-01 3.724572e+00 
3.908700e-01 3.746871e+00 
3.920600e-01 3.768696e+00 
3.933100e-01 3.791703e+00 
3.945300e-01 3.814237e+00 
3.957200e-01 3.836335e+00 
3.969300e-01 3.858894e+00 
3.981700e-01 3.882094e+00 
3.993500e-01 3.904249e+00 
4.094840e-01 4.097434e+00 
4.272360e-01 4.447996e+00 
4.454600e-01 4.823427e+00 
4.630560e-01 5.200660e+00 
4.804610e-01 5.587908e+00 
4.980690e-01 5.993927e+00 
5.159230e-01 6.420381e+00 
5.317440e-01 6.810648e+00 
5.489640e-01 7.249328e+00 
5.671990e-01 7.730096e+00 
5.838690e-01 8.183416e+00 
6.018840e-01 8.689211e+00 
6.202330e-01 9.221386e+00 
6.379250e-01 9.749857e+00 
6.545410e-01 1.026070e+01 
6.714560e-01 1.079431e+01 
6.892080e-01 1.136889e+01 
7.066010e-01 1.194679e+01 
7.240540e-01 1.254125e+01 
7.420450e-01 1.316620e+01 
7.593780e-01 1.378364e+01 
7.764720e-01 1.440487e+01 
7.942840e-01 1.506572e+01 
8.116170e-01 1.571954e+01 
8.288310e-01 1.637941e+01 
8.462240e-01 1.705748e+01 
8.631980e-01 1.773179e+01 
8.810700e-01 1.845150e+01 
8.989410e-01 1.918105e+01 
9.166330e-01 1.991295e+01 
9.345640e-01 2.066419e+01 
9.515980e-01 2.138711e+01 
9.688720e-01 2.212752e+01 
9.865640e-01 2.289251e+01 
1.031870e+00 2.489042e+01 
1.063490e+00 2.630836e+01 
1.097920e+00 2.787795e+01 
1.134370e+00 2.956175e+01 
1.167730e+00 3.112465e+01 
1.203830e+00 3.283187e+01 
1.240470e+00 3.458797e+01 
1.275790e+00 3.629081e+01 
1.309140e+00 3.791520e+01 
1.342970e+00 3.957388e+01 
1.378420e+00 4.132546e+01 
1.413200e+00 4.305264e+01 
1.448110e+00 4.479410e+01 
1.484090e+00 4.659859e+01 
1.518820e+00 4.835145e+01 
1.552880e+00 5.007159e+01 
1.588630e+00 5.188792e+01 
1.623230e+00 5.365054e+01 
1.657720e+00 5.541666e+01 
1.692450e+00 5.719988e+01 
1.726400e+00 5.893741e+01 
1.762200e+00 6.077774e+01 
1.797880e+00 6.261514e+01 
1.833270e+00 6.444397e+01 
1.869070e+00 6.629410e+01 
1.903200e+00 6.805759e+01 
1.937740e+00 6.984363e+01 
1.973190e+00 7.168061e+01 
2.007440e+00 7.345596e+01 
2.042160e+00 7.525812e+01 
2.077900e+00 7.710484e+01 
2.112390e+00 7.889127e+01 
2.146220e+00 8.064710e+01 
2.181600e+00 8.247294e+01 
2.216930e+00 8.430354e+01 
2.250760e+00 8.605278e+01 
2.286500e+00 8.789592e+01 
2.321770e+00 8.971609e+01 
2.355950e+00 9.147469e+01 
2.391280e+00 9.330226e+01 
2.426240e+00 9.510190e+01 
2.460670e+00 9.687019e+01 
2.495640e+00 9.866687e+01 
2.531080e+00 1.004803e+02 
2.566220e+00 1.022721e+02 
2.600830e+00 1.040354e+02 
2.635080e+00 1.057810e+02 
2.670340e+00 1.075775e+02 
2.705970e+00 1.093879e+02 
2.740040e+00 1.111142e+02 
2.774520e+00 1.128528e+02 
2.809730e+00 1.146342e+02 
2.844390e+00 1.163879e+02 
2.879960e+00 1.181793e+02 
2.914860e+00 1.199300e+02 
2.949410e+00 1.216600e+02 
2.984440e+00 1.234121e+02 
3.019760e+00 1.251715e+02 
3.054730e+00 1.269087e+02 
3.089030e+00 1.286113e+02 
3.124060e+00 1.303451e+02 
3.159560e+00 1.320950e+02 
3.194710e+00 1.338322e+02 
3.229010e+00 1.355264e+02 
3.263320e+00 1.372025e+02 
3.297930e+00 1.388940e+02 
3.332830e+00 1.406036e+02 
3.368040e+00 1.423265e+02 
3.403300e+00 1.440498e+02 
3.438450e+00 1.457576e+02 
3.473060e+00 1.474346e+02 
3.508440e+00 1.491472e+02 
3.543110e+00 1.508213e+02 
3.577470e+00 1.524712e+02 
3.613040e+00 1.541782e+02 
3.648120e+00 1.558655e+02 
3.682910e+00 1.575331e+02 
3.718050e+00 1.592089e+02 
3.753320e+00 1.608915e+02 
3.787980e+00 1.625477e+02 
3.822290e+00 1.641810e+02 
3.857020e+00 1.658266e+02 
3.891920e+00 1.674768e+02 
3.926650e+00 1.691157e+02 
3.961970e+00 1.707791e+02 
3.997360e+00 1.724438e+02 
4.031670e+00 1.740559e+02 
4.066330e+00 1.756901e+02 
4.101420e+00 1.773404e+02 
4.136200e+00 1.789645e+02 
4.170810e+00 1.805765e+02 
4.206250e+00 1.822258e+02 
4.241580e+00 1.838661e+02 
4.276300e+00 1.854812e+02 
4.310970e+00 1.870939e+02 
4.346120e+00 1.887223e+02 
4.380600e+00 1.903115e+02 
4.414730e+00 1.918805e+02 
4.450350e+00 1.935260e+02 
4.485320e+00 1.951368e+02 
4.519810e+00 1.967174e+02 
4.555430e+00 1.983434e+02 
4.590870e+00 1.999600e+02 
4.625480e+00 2.015420e+02 
4.659910e+00 2.031113e+02 
4.695230e+00 2.047205e+02 
4.729960e+00 2.062988e+02 
4.764450e+00 2.078664e+02 
4.799530e+00 2.094645e+02 
4.834910e+00 2.110716e+02 
4.869700e+00 2.126502e+02 
4.904370e+00 2.142193e+02 
4.939450e+00 2.158033e+02 
4.973940e+00 2.173590e+02 
5.008430e+00 2.189101e+02 
5.043810e+00 2.204990e+02 
5.078840e+00 2.220688e+02 
5.113500e+00 2.236173e+02 
5.148890e+00 2.252067e+02 
5.184210e+00 2.267889e+02 
5.219060e+00 2.283463e+02 
5.253660e+00 2.298912e+02 
5.288570e+00 2.314453e+02 
5.323420e+00 2.329939e+02 
5.358440e+00 2.345476e+02 
5.393590e+00 2.361022e+02 
5.428310e+00 2.376425e+02 
5.462800e+00 2.391731e+02 
5.497640e+00 2.407147e+02 
5.532670e+00 2.422628e+02 
5.567280e+00 2.437887e+02 
5.602000e+00 2.453149e+02 
5.637270e+00 2.468640e+02 
5.672410e+00 2.484035e+02 
5.707020e+00 2.499151e+02 
5.742040e+00 2.514442e+02 
5.777430e+00 2.529856e+02 
5.812210e+00 2.544956e+02 
5.846820e+00 2.560044e+02 
5.881610e+00 2.575193e+02 
5.916510e+00 2.590344e+02 
5.951600e+00 2.605566e+02 
5.986560e+00 2.620703e+02 
6.021830e+00 2.635926e+02 
6.056490e+00 2.650915e+02 
6.091160e+00 2.665928e+02 
6.125830e+00 2.680896e+02 
6.161090e+00 2.696056e+02 
6.195760e+00 2.710879e+02 
6.230420e+00 2.725651e+02 
6.265690e+00 2.740641e+02 
6.300950e+00 2.755734e+02 
6.335620e+00 2.770529e+02 
6.370880e+00 2.785529e+02 
6.405550e+00 2.800261e+02 
6.440220e+00 2.814959e+02 
6.475480e+00 2.829860e+02 
6.510150e+00 2.844483e+02 
6.544810e+00 2.859098e+02 
6.580080e+00 2.873923e+02 
6.614750e+00 2.888449e+02 
6.649410e+00 2.903052e+02 
6.684080e+00 2.917640e+02 
6.719340e+00 2.932430e+02 
6.754010e+00 2.946914e+02 
6.788680e+00 2.961321e+02 
6.823940e+00 2.975925e+02 
6.859800e+00 2.990729e+02 
6.894470e+00 3.005110e+02 
6.929140e+00 3.019487e+02 
6.963800e+00 3.033815e+02 
6.999070e+00 3.048347e+02 
7.033730e+00 3.062543e+02 
7.068400e+00 3.076697e+02 
7.103660e+00 3.091045e+02 
7.138330e+00 3.105158e+02 
7.173600e+00 3.119579e+02 
7.208260e+00 3.133705e+02 
7.243530e+00 3.148034e+02 
7.277600e+00 3.161811e+02 
7.312860e+00 3.176006e+02 
7.348120e+00 3.190154e+02 
7.382790e+00 3.204018e+02 
7.417460e+00 3.217940e+02 
7.452720e+00 3.232107e+02 
7.487390e+00 3.245992e+02 
7.522650e+00 3.260067e+02 
7.557320e+00 3.273909e+02 
7.591990e+00 3.287725e+02 
7.627250e+00 3.301729e+02 
7.662510e+00 3.315687e+02 
7.697180e+00 3.329280e+02 
7.731850e+00 3.342794e+02 
7.766510e+00 3.356257e+02 
7.801180e+00 3.369677e+02 
7.836440e+00 3.383440e+02 
7.871110e+00 3.397028e+02 
7.906380e+00 3.410806e+02 
7.941040e+00 3.424300e+02 
7.976310e+00 3.437929e+02 
8.011570e+00 3.451439e+02 
8.046240e+00 3.464677e+02 
8.080900e+00 3.477864e+02 
8.115570e+00 3.491046e+02 
8.150830e+00 3.504543e+02 
8.185500e+00 3.517769e+02 
8.220770e+00 3.531178e+02 
8.255430e+00 3.544310e+02 
8.290100e+00 3.557383e+02 
8.324770e+00 3.570408e+02 
8.359430e+00 3.583384e+02 
8.394700e+00 3.596542e+02 
8.429960e+00 3.609689e+02 
8.464630e+00 3.622613e+02 
8.499890e+00 3.635711e+02 
8.534560e+00 3.648544e+02 
8.569200e+00 3.661320e+02 
