# Parameters:
# omega_b = 0.022500, omega_m = 0.137500, n_s = 0.950000, h = 69.033203, w = -1.000000,sigma_8 = 0.755000
# z = 0.909999
#
# k[1/Mpc] # P(k):
8.694000e-04 6.374545e+03 
2.077466e-03 1.343733e+04 
3.285532e-03 1.885635e+04 
4.493598e-03 2.295856e+04 
5.701664e-03 2.595276e+04 
6.909730e-03 2.803001e+04 
8.117797e-03 2.939825e+04 
9.325863e-03 3.016469e+04 
1.053393e-02 3.043453e+04 
1.174199e-02 3.030382e+04 
1.295006e-02 2.983420e+04 
1.415813e-02 2.910750e+04 
1.536619e-02 2.819239e+04 
1.657426e-02 2.713627e+04 
1.778233e-02 2.597857e+04 
1.899039e-02 2.478128e+04 
2.019846e-02 2.358185e+04 
2.140652e-02 2.241138e+04 
2.261459e-02 2.128284e+04 
2.382266e-02 2.021437e+04 
2.503072e-02 1.921854e+04 
2.623879e-02 1.829958e+04 
2.744685e-02 1.745910e+04 
2.865492e-02 1.669751e+04 
2.986299e-02 1.601121e+04 
3.100100e-02 1.543148e+04 
3.220400e-02 1.488335e+04 
3.288100e-02 1.460333e+04 
3.424300e-02 1.409405e+04 
3.555100e-02 1.366291e+04 
3.686000e-02 1.328099e+04 
3.795000e-02 1.299330e+04 
3.929100e-02 1.267145e+04 
4.039800e-02 1.242434e+04 
4.164000e-02 1.216079e+04 
4.294400e-02 1.189032e+04 
4.415000e-02 1.164400e+04 
4.542900e-02 1.137579e+04 
4.660900e-02 1.112527e+04 
4.782300e-02 1.085146e+04 
4.892900e-02 1.059553e+04 
5.031200e-02 1.026219e+04 
5.155900e-02 9.948392e+03 
5.238100e-02 9.736823e+03 
5.378200e-02 9.370387e+03 
5.513400e-02 9.011345e+03 
5.627600e-02 8.707677e+03 
5.735300e-02 8.424578e+03 
5.870100e-02 8.078100e+03 
5.988700e-02 7.784230e+03 
6.113500e-02 7.488118e+03 
6.225900e-02 7.235115e+03 
6.340100e-02 6.993168e+03 
6.480200e-02 6.717282e+03 
6.601100e-02 6.499891e+03 
6.725500e-02 6.295871e+03 
6.829100e-02 6.142536e+03 
6.958600e-02 5.967681e+03 
7.071100e-02 5.832205e+03 
7.192300e-02 5.701033e+03 
7.307400e-02 5.589310e+03 
7.412300e-02 5.497078e+03 
7.550400e-02 5.388699e+03 
7.663100e-02 5.308112e+03 
7.791200e-02 5.224988e+03 
7.912700e-02 5.151454e+03 
8.027600e-02 5.084653e+03 
8.138400e-02 5.021619e+03 
8.272200e-02 4.945863e+03 
8.406100e-02 4.869031e+03 
8.534100e-02 4.792288e+03 
8.653800e-02 4.716758e+03 
8.759800e-02 4.647664e+03 
8.900300e-02 4.552113e+03 
9.009000e-02 4.474531e+03 
9.113300e-02 4.396800e+03 
9.239600e-02 4.301003e+03 
9.358000e-02 4.208768e+03 
9.496100e-02 4.098348e+03 
9.608400e-02 4.008532e+03 
9.727500e-02 3.914004e+03 
9.852600e-02 3.814414e+03 
9.973800e-02 3.720513e+03 
1.009000e-01 3.632871e+03 
1.020900e-01 3.546493e+03 
1.034000e-01 3.455601e+03 
1.046000e-01 3.376247e+03 
1.057200e-01 3.307440e+03 
1.069100e-01 3.237759e+03 
1.082500e-01 3.165854e+03 
1.093900e-01 3.109434e+03 
1.105400e-01 3.055736e+03 
1.116900e-01 3.007701e+03 
1.129600e-01 2.957513e+03 
1.142000e-01 2.913470e+03 
1.153300e-01 2.875640e+03 
1.166400e-01 2.834908e+03 
1.177800e-01 2.801644e+03 
1.190000e-01 2.767508e+03 
1.201200e-01 2.737309e+03 
1.213400e-01 2.705260e+03 
1.227100e-01 2.669386e+03 
1.238900e-01 2.638877e+03 
1.250700e-01 2.607721e+03 
1.263200e-01 2.574748e+03 
1.275500e-01 2.541421e+03 
1.287500e-01 2.508668e+03 
1.299900e-01 2.474036e+03 
1.311300e-01 2.441926e+03 
1.323500e-01 2.406844e+03 
1.335900e-01 2.371120e+03 
1.347100e-01 2.338392e+03 
1.359800e-01 2.301522e+03 
1.372100e-01 2.265461e+03 
1.384300e-01 2.230199e+03 
1.395700e-01 2.197217e+03 
1.407700e-01 2.163214e+03 
1.420300e-01 2.127854e+03 
1.432800e-01 2.093590e+03 
1.444500e-01 2.062326e+03 
1.456300e-01 2.031470e+03 
1.468900e-01 1.999853e+03 
1.480500e-01 1.971552e+03 
1.491700e-01 1.945248e+03 
1.503800e-01 1.918008e+03 
1.516400e-01 1.890495e+03 
1.528200e-01 1.866369e+03 
1.540200e-01 1.842319e+03 
1.551900e-01 1.820413e+03 
1.564300e-01 1.797912e+03 
1.576600e-01 1.776538e+03 
1.588700e-01 1.756524e+03 
1.600900e-01 1.736763e+03 
1.612700e-01 1.718696e+03 
1.625400e-01 1.699613e+03 
1.637600e-01 1.681770e+03 
1.649500e-01 1.664764e+03 
1.662200e-01 1.646913e+03 
1.674000e-01 1.630443e+03 
1.685000e-01 1.615346e+03 
1.697500e-01 1.598200e+03 
1.710300e-01 1.580681e+03 
1.722200e-01 1.564684e+03 
1.734400e-01 1.547821e+03 
1.746400e-01 1.531492e+03 
1.758700e-01 1.514815e+03 
1.770900e-01 1.498091e+03 
1.782700e-01 1.482192e+03 
1.794600e-01 1.466105e+03 
1.807000e-01 1.449413e+03 
1.819100e-01 1.433406e+03 
1.830100e-01 1.418860e+03 
1.842200e-01 1.403079e+03 
1.855000e-01 1.386672e+03 
1.867000e-01 1.371521e+03 
1.879200e-01 1.356373e+03 
1.890900e-01 1.342112e+03 
1.902800e-01 1.327994e+03 
1.915200e-01 1.313523e+03 
1.926900e-01 1.300162e+03 
1.939000e-01 1.286804e+03 
1.951700e-01 1.273010e+03 
1.963100e-01 1.260911e+03 
1.975100e-01 1.248601e+03 
1.987800e-01 1.235778e+03 
2.000100e-01 1.223650e+03 
2.012500e-01 1.211831e+03 
2.023400e-01 1.201592e+03 
2.036100e-01 1.189882e+03 
2.048900e-01 1.178437e+03 
2.060400e-01 1.168306e+03 
2.072200e-01 1.158068e+03 
2.084200e-01 1.147918e+03 
2.096900e-01 1.137334e+03 
2.109200e-01 1.127236e+03 
2.121100e-01 1.117620e+03 
2.132700e-01 1.108377e+03 
2.145200e-01 1.098557e+03 
2.157200e-01 1.089248e+03 
2.168800e-01 1.080363e+03 
2.180700e-01 1.071372e+03 
2.193400e-01 1.061888e+03 
2.206000e-01 1.052570e+03 
2.217500e-01 1.044182e+03 
2.229500e-01 1.035544e+03 
2.241400e-01 1.027040e+03 
2.253500e-01 1.018506e+03 
2.264900e-01 1.010572e+03 
2.277100e-01 1.002173e+03 
2.289900e-01 9.934618e+02 
2.301500e-01 9.856726e+02 
2.313600e-01 9.776524e+02 
2.325600e-01 9.697948e+02 
2.337700e-01 9.619745e+02 
2.350000e-01 9.541289e+02 
2.362000e-01 9.465853e+02 
2.374100e-01 9.390897e+02 
2.386500e-01 9.315075e+02 
2.399100e-01 9.239040e+02 
2.410400e-01 9.172036e+02 
2.422500e-01 9.101201e+02 
2.435000e-01 9.028954e+02 
2.447300e-01 8.958881e+02 
2.458700e-01 8.895176e+02 
2.470600e-01 8.829463e+02 
2.483300e-01 8.760204e+02 
2.495600e-01 8.694184e+02 
2.507600e-01 8.630850e+02 
2.519600e-01 8.568270e+02 
2.532200e-01 8.503362e+02 
2.543700e-01 8.445115e+02 
2.555500e-01 8.386227e+02 
2.568000e-01 8.324584e+02 
2.580100e-01 8.265626e+02 
2.592400e-01 8.206653e+02 
2.604100e-01 8.151315e+02 
2.616100e-01 8.095200e+02 
2.628400e-01 8.038347e+02 
2.640600e-01 7.982748e+02 
2.652200e-01 7.930530e+02 
2.664300e-01 7.876665e+02 
2.676500e-01 7.822972e+02 
2.688400e-01 7.771256e+02 
2.700700e-01 7.718446e+02 
2.712400e-01 7.668765e+02 
2.724800e-01 7.616694e+02 
2.736700e-01 7.567276e+02 
2.748800e-01 7.517574e+02 
2.761000e-01 7.468013e+02 
2.773200e-01 7.418995e+02 
2.785400e-01 7.370500e+02 
2.797000e-01 7.324855e+02 
2.808900e-01 7.278518e+02 
2.821400e-01 7.230371e+02 
2.833900e-01 7.182748e+02 
2.845500e-01 7.138926e+02 
2.857800e-01 7.092944e+02 
2.870300e-01 7.046718e+02 
2.882100e-01 7.003541e+02 
2.893900e-01 6.960765e+02 
2.906300e-01 6.916261e+02 
2.918900e-01 6.871522e+02 
2.930500e-01 6.830759e+02 
2.942500e-01 6.788995e+02 
2.954200e-01 6.748625e+02 
2.966500e-01 6.706614e+02 
2.978900e-01 6.664699e+02 
2.990400e-01 6.626215e+02 
3.002700e-01 6.585433e+02 
3.015100e-01 6.544725e+02 
3.026800e-01 6.506698e+02 
3.038500e-01 6.469037e+02 
3.050300e-01 6.431419e+02 
3.062600e-01 6.392582e+02 
3.075000e-01 6.353822e+02 
3.087000e-01 6.316683e+02 
3.099100e-01 6.279598e+02 
3.111200e-01 6.242893e+02 
3.123100e-01 6.207173e+02 
3.135300e-01 6.170905e+02 
3.147300e-01 6.135574e+02 
3.159900e-01 6.098837e+02 
3.171800e-01 6.064518e+02 
3.183700e-01 6.030547e+02 
3.196300e-01 5.994922e+02 
3.208400e-01 5.961039e+02 
3.220300e-01 5.928027e+02 
3.232000e-01 5.895940e+02 
3.244300e-01 5.862548e+02 
3.256700e-01 5.829204e+02 
3.269200e-01 5.795910e+02 
3.280800e-01 5.765296e+02 
3.292500e-01 5.734794e+02 
3.304800e-01 5.703051e+02 
3.317100e-01 5.671601e+02 
3.328900e-01 5.641702e+02 
3.340700e-01 5.612066e+02 
3.353600e-01 5.580085e+02 
3.365300e-01 5.551388e+02 
3.377100e-01 5.522697e+02 
3.389200e-01 5.493535e+02 
3.401600e-01 5.463919e+02 
3.413700e-01 5.435392e+02 
3.425300e-01 5.408361e+02 
3.437700e-01 5.379717e+02 
3.449800e-01 5.352012e+02 
3.461800e-01 5.324774e+02 
3.473600e-01 5.298272e+02 
3.485800e-01 5.271236e+02 
3.498100e-01 5.244216e+02 
3.510200e-01 5.217865e+02 
3.522000e-01 5.192384e+02 
3.533900e-01 5.166901e+02 
3.546400e-01 5.140537e+02 
3.558400e-01 5.115454e+02 
3.570600e-01 5.090167e+02 
3.582700e-01 5.065299e+02 
3.595000e-01 5.040232e+02 
3.607100e-01 5.015875e+02 
3.618900e-01 4.992391e+02 
3.631200e-01 4.968112e+02 
3.643200e-01 4.944622e+02 
3.655500e-01 4.920743e+02 
3.667300e-01 4.898021e+02 
3.679500e-01 4.874891e+02 
3.691900e-01 4.851575e+02 
3.703600e-01 4.829753e+02 
3.715700e-01 4.807364e+02 
3.727700e-01 4.785337e+02 
3.739900e-01 4.763183e+02 
3.752000e-01 4.741497e+02 
3.763900e-01 4.720337e+02 
3.775800e-01 4.699342e+02 
3.788200e-01 4.677639e+02 
3.800300e-01 4.656629e+02 
3.812100e-01 4.636366e+02 
3.824200e-01 4.615793e+02 
3.836100e-01 4.595716e+02 
3.848600e-01 4.574793e+02 
3.860400e-01 4.555194e+02 
3.872400e-01 4.535415e+02 
3.884600e-01 4.515556e+02 
3.896500e-01 4.496368e+02 
3.908700e-01 4.476847e+02 
3.920600e-01 4.457950e+02 
3.933100e-01 4.438252e+02 
3.945300e-01 4.419175e+02 
3.957200e-01 4.400795e+02 
3.969300e-01 4.382269e+02 
3.981700e-01 4.363428e+02 
3.993500e-01 4.345632e+02 
4.094840e-01 4.198127e+02 
4.272360e-01 3.962260e+02 
4.454600e-01 3.744631e+02 
4.630560e-01 3.554521e+02 
4.804610e-01 3.383123e+02 
4.980690e-01 3.224391e+02 
5.159230e-01 3.076759e+02 
5.317440e-01 2.955928e+02 
5.489640e-01 2.834136e+02 
5.671990e-01 2.715234e+02 
5.838690e-01 2.614612e+02 
6.018840e-01 2.513831e+02 
6.202330e-01 2.418946e+02 
6.379250e-01 2.333964e+02 
6.545410e-01 2.259788e+02 
6.714560e-01 2.189036e+02 
6.892080e-01 2.119687e+02 
7.066010e-01 2.056149e+02 
7.240540e-01 1.996280e+02 
7.420450e-01 1.938440e+02 
7.593780e-01 1.885999e+02 
7.764720e-01 1.837122e+02 
7.942840e-01 1.788996e+02 
8.116170e-01 1.744680e+02 
8.288310e-01 1.702922e+02 
8.462240e-01 1.662766e+02 
8.631980e-01 1.625410e+02 
8.810700e-01 1.587888e+02 
8.989410e-01 1.552093e+02 
9.166330e-01 1.518190e+02 
9.345640e-01 1.485292e+02 
9.515980e-01 1.455290e+02 
9.688720e-01 1.426027e+02 
9.865640e-01 1.397174e+02 
1.031870e+00 1.328012e+02 
1.063490e+00 1.283247e+02 
1.097920e+00 1.237533e+02 
1.134370e+00 1.192005e+02 
1.167730e+00 1.152807e+02 
1.203830e+00 1.112647e+02 
1.240470e+00 1.074224e+02 
1.275790e+00 1.039048e+02 
1.309140e+00 1.007570e+02 
1.342970e+00 9.769829e+01 
1.378420e+00 9.465425e+01 
1.413200e+00 9.180146e+01 
1.448110e+00 8.906309e+01 
1.484090e+00 8.637413e+01 
1.518820e+00 8.388712e+01 
1.552880e+00 8.154887e+01 
1.588630e+00 7.919459e+01 
1.623230e+00 7.701394e+01 
1.657720e+00 7.492610e+01 
1.692450e+00 7.291089e+01 
1.726400e+00 7.100765e+01 
1.762200e+00 6.907760e+01 
1.797880e+00 6.723162e+01 
1.833270e+00 6.546761e+01 
1.869070e+00 6.375239e+01 
1.903200e+00 6.217650e+01 
1.937740e+00 6.063775e+01 
1.973190e+00 5.911322e+01 
2.007440e+00 5.769291e+01 
2.042160e+00 5.630356e+01 
2.077900e+00 5.491935e+01 
2.112390e+00 5.363246e+01 
2.146220e+00 5.240634e+01 
2.181600e+00 5.116792e+01 
2.216930e+00 4.997296e+01 
2.250760e+00 4.886385e+01 
2.286500e+00 4.772908e+01 
2.321770e+00 4.664739e+01 
2.355950e+00 4.563301e+01 
2.391280e+00 4.461331e+01 
2.426240e+00 4.363529e+01 
2.460670e+00 4.270170e+01 
2.495640e+00 4.178265e+01 
2.531080e+00 4.087873e+01 
2.566220e+00 4.000789e+01 
2.600830e+00 3.917598e+01 
2.635080e+00 3.837764e+01 
2.670340e+00 3.757604e+01 
2.705970e+00 3.679083e+01 
2.740040e+00 3.606209e+01 
2.774520e+00 3.534363e+01 
2.809730e+00 3.463014e+01 
2.844390e+00 3.394768e+01 
2.879960e+00 3.326600e+01 
2.914860e+00 3.261512e+01 
2.949410e+00 3.198851e+01 
2.984440e+00 3.136914e+01 
3.019760e+00 3.076217e+01 
3.054730e+00 3.017810e+01 
3.089030e+00 2.961746e+01 
3.124060e+00 2.906055e+01 
3.159560e+00 2.851141e+01 
3.194710e+00 2.798042e+01 
3.229010e+00 2.747572e+01 
3.263320e+00 2.698321e+01 
3.297930e+00 2.649908e+01 
3.332830e+00 2.602260e+01 
3.368040e+00 2.555363e+01 
3.403300e+00 2.509570e+01 
3.438450e+00 2.464986e+01 
3.473060e+00 2.422198e+01 
3.508440e+00 2.379510e+01 
3.543110e+00 2.338720e+01 
3.577470e+00 2.299111e+01 
3.613040e+00 2.259123e+01 
3.648120e+00 2.220626e+01 
3.682910e+00 2.183352e+01 
3.718050e+00 2.146551e+01 
3.753320e+00 2.110480e+01 
3.787980e+00 2.075830e+01 
3.822290e+00 2.042323e+01 
3.857020e+00 2.009172e+01 
3.891920e+00 1.976585e+01 
3.926650e+00 1.944808e+01 
3.961970e+00 1.913242e+01 
3.997360e+00 1.882343e+01 
4.031670e+00 1.853056e+01 
4.066330e+00 1.824072e+01 
4.101420e+00 1.795388e+01 
4.136200e+00 1.767573e+01 
4.170810e+00 1.740505e+01 
4.206250e+00 1.713342e+01 
4.241580e+00 1.686853e+01 
4.276300e+00 1.661368e+01 
4.310970e+00 1.636454e+01 
4.346120e+00 1.611731e+01 
4.380600e+00 1.587984e+01 
4.414730e+00 1.564966e+01 
4.450350e+00 1.541418e+01 
4.485320e+00 1.518786e+01 
4.519810e+00 1.496913e+01 
4.555430e+00 1.474784e+01 
4.590870e+00 1.453223e+01 
4.625480e+00 1.432593e+01 
4.659910e+00 1.412479e+01 
4.695230e+00 1.392248e+01 
4.729960e+00 1.372749e+01 
4.764450e+00 1.353764e+01 
4.799530e+00 1.334830e+01 
4.834910e+00 1.316109e+01 
4.869700e+00 1.298064e+01 
4.904370e+00 1.280426e+01 
4.939450e+00 1.262922e+01 
4.973940e+00 1.246046e+01 
5.008430e+00 1.229484e+01 
5.043810e+00 1.212816e+01 
5.078840e+00 1.196625e+01 
5.113500e+00 1.180900e+01 
5.148890e+00 1.165157e+01 
5.184210e+00 1.149735e+01 
5.219060e+00 1.134801e+01 
5.253660e+00 1.120250e+01 
5.288570e+00 1.105830e+01 
5.323420e+00 1.091701e+01 
5.358440e+00 1.077766e+01 
5.393590e+00 1.064026e+01 
5.428310e+00 1.050706e+01 
5.462800e+00 1.037710e+01 
5.497640e+00 1.024807e+01 
5.532670e+00 1.012072e+01 
5.567280e+00 9.997084e+00 
5.602000e+00 9.875150e+00 
5.637270e+00 9.753579e+00 
5.672410e+00 9.634553e+00 
5.707020e+00 9.519278e+00 
5.742040e+00 9.404750e+00 
5.777430e+00 9.290976e+00 
5.812210e+00 9.181008e+00 
5.846820e+00 9.073516e+00 
5.881610e+00 8.967251e+00 
5.916510e+00 8.862367e+00 
5.951600e+00 8.758799e+00 
5.986560e+00 8.657351e+00 
6.021830e+00 8.556638e+00 
6.056490e+00 8.459372e+00 
6.091160e+00 8.363712e+00 
6.125830e+00 8.269536e+00 
6.161090e+00 8.175324e+00 
6.195760e+00 8.084286e+00 
6.230420e+00 7.994663e+00 
6.265690e+00 7.904868e+00 
6.300950e+00 7.816725e+00 
6.335620e+00 7.731370e+00 
6.370880e+00 7.645870e+00 
6.405550e+00 7.563233e+00 
6.440220e+00 7.481888e+00 
6.475480e+00 7.400386e+00 
6.510150e+00 7.321497e+00 
6.544810e+00 7.243929e+00 
6.580080e+00 7.166150e+00 
6.614750e+00 7.090805e+00 
6.649410e+00 7.016802e+00 
6.684080e+00 6.943881e+00 
6.719340e+00 6.870780e+00 
6.754010e+00 6.799987e+00 
6.788680e+00 6.730330e+00 
6.823940e+00 6.660487e+00 
6.859800e+00 6.590469e+00 
6.894470e+00 6.523898e+00 
6.929140e+00 6.458306e+00 
6.963800e+00 6.393633e+00 
6.999070e+00 6.328739e+00 
7.033730e+00 6.266025e+00 
7.068400e+00 6.204140e+00 
7.103660e+00 6.142057e+00 
7.138330e+00 6.081915e+00 
7.173600e+00 6.021717e+00 
7.208260e+00 5.963351e+00 
7.243530e+00 5.904748e+00 
7.277600e+00 5.848998e+00 
7.312860e+00 5.792160e+00 
7.348120e+00 5.736073e+00 
7.382790e+00 5.681647e+00 
7.417460e+00 5.628047e+00 
7.452720e+00 5.574305e+00 
7.487390e+00 5.522145e+00 
7.522650e+00 5.469777e+00 
7.557320e+00 5.419078e+00 
7.591990e+00 5.369069e+00 
7.627250e+00 5.318852e+00 
7.662510e+00 5.269274e+00 
7.697180e+00 5.221276e+00 
7.731850e+00 5.173927e+00 
7.766510e+00 5.127174e+00 
7.801180e+00 5.080983e+00 
7.836440e+00 5.034709e+00 
7.871110e+00 4.989845e+00 
7.906380e+00 4.944762e+00 
7.941040e+00 4.900998e+00 
7.976310e+00 4.857071e+00 
8.011570e+00 4.813772e+00 
8.046240e+00 4.771709e+00 
8.080900e+00 4.730158e+00 
8.115570e+00 4.689122e+00 
8.150830e+00 4.648023e+00 
8.185500e+00 4.608088e+00 
8.220770e+00 4.567941e+00 
8.255430e+00 4.528951e+00 
8.290100e+00 4.490534e+00 
8.324770e+00 4.452576e+00 
8.359430e+00 4.415064e+00 
8.394700e+00 4.377332e+00 
8.429960e+00 4.340130e+00 
8.464630e+00 4.304053e+00 
8.499890e+00 4.267780e+00 
8.534560e+00 4.232519e+00 
8.569200e+00 4.197683e+00 
