# Parameters:
# omega_b = 0.022500, omega_m = 0.137500, n_s = 0.950000, h = 69.033203, w = -1.000000,sigma_8 = 0.755000
# z = 0.690000
#
# k[1/Mpc] # P(k):
8.694000e-04 7.781749e+03 
2.077466e-03 1.640366e+04 
3.285532e-03 2.302035e+04 
4.493598e-03 2.802758e+04 
5.701664e-03 3.168099e+04 
6.909730e-03 3.421542e+04 
8.117797e-03 3.588362e+04 
9.325863e-03 3.681741e+04 
1.053393e-02 3.714475e+04 
1.174199e-02 3.698344e+04 
1.295006e-02 3.640830e+04 
1.415813e-02 3.551937e+04 
1.536619e-02 3.440076e+04 
1.657426e-02 3.311053e+04 
1.778233e-02 3.169897e+04 
1.899039e-02 3.024034e+04 
2.019846e-02 2.877800e+04 
2.140652e-02 2.734952e+04 
2.261459e-02 2.597176e+04 
2.382266e-02 2.466740e+04 
2.503072e-02 2.345185e+04 
2.623879e-02 2.233056e+04 
2.744685e-02 2.130478e+04 
2.865492e-02 2.037556e+04 
2.986299e-02 1.953794e+04 
3.100100e-02 1.883087e+04 
3.220400e-02 1.816181e+04 
3.288100e-02 1.782017e+04 
3.424300e-02 1.719845e+04 
3.555100e-02 1.667206e+04 
3.686000e-02 1.620538e+04 
3.795000e-02 1.585361e+04 
3.929100e-02 1.546007e+04 
4.039800e-02 1.515762e+04 
4.164000e-02 1.483501e+04 
4.294400e-02 1.450399e+04 
4.415000e-02 1.420259e+04 
4.542900e-02 1.387452e+04 
4.660900e-02 1.356820e+04 
4.782300e-02 1.323408e+04 
4.892900e-02 1.292181e+04 
5.031200e-02 1.251589e+04 
5.155900e-02 1.213419e+04 
5.238100e-02 1.187704e+04 
5.378200e-02 1.143210e+04 
5.513400e-02 1.099658e+04 
5.627600e-02 1.062851e+04 
5.735300e-02 1.028551e+04 
5.870100e-02 9.865879e+03 
5.988700e-02 9.510041e+03 
6.113500e-02 9.151645e+03 
6.225900e-02 8.845419e+03 
6.340100e-02 8.552474e+03 
6.480200e-02 8.218219e+03 
6.601100e-02 7.954760e+03 
6.725500e-02 7.707260e+03 
6.829100e-02 7.520974e+03 
6.958600e-02 7.308445e+03 
7.071100e-02 7.143481e+03 
7.192300e-02 6.983367e+03 
7.307400e-02 6.846743e+03 
7.412300e-02 6.733777e+03 
7.550400e-02 6.600671e+03 
7.663100e-02 6.501493e+03 
7.791200e-02 6.399008e+03 
7.912700e-02 6.308125e+03 
8.027600e-02 6.225571e+03 
8.138400e-02 6.147706e+03 
8.272200e-02 6.054225e+03 
8.406100e-02 5.959639e+03 
8.534100e-02 5.865461e+03 
8.653800e-02 5.773054e+03 
8.759800e-02 5.688706e+03 
8.900300e-02 5.572360e+03 
9.009000e-02 5.478179e+03 
9.113300e-02 5.384055e+03 
9.239600e-02 5.268258e+03 
9.358000e-02 5.157020e+03 
9.496100e-02 5.024088e+03 
9.608400e-02 4.916065e+03 
9.727500e-02 4.802443e+03 
9.852600e-02 4.682990e+03 
9.973800e-02 4.570392e+03 
1.009000e-01 4.465320e+03 
1.020900e-01 4.361828e+03 
1.034000e-01 4.252869e+03 
1.046000e-01 4.157680e+03 
1.057200e-01 4.075083e+03 
1.069100e-01 3.991382e+03 
1.082500e-01 3.904858e+03 
1.093900e-01 3.836794e+03 
1.105400e-01 3.771909e+03 
1.116900e-01 3.713626e+03 
1.129600e-01 3.652635e+03 
1.142000e-01 3.598858e+03 
1.153300e-01 3.552546e+03 
1.166400e-01 3.502487e+03 
1.177800e-01 3.461465e+03 
1.190000e-01 3.419300e+03 
1.201200e-01 3.381922e+03 
1.213400e-01 3.342240e+03 
1.227100e-01 3.297734e+03 
1.238900e-01 3.259906e+03 
1.250700e-01 3.221363e+03 
1.263200e-01 3.180638e+03 
1.275500e-01 3.139615e+03 
1.287500e-01 3.099394e+03 
1.299900e-01 3.057010e+03 
1.311300e-01 3.017828e+03 
1.323500e-01 2.975183e+03 
1.335900e-01 2.931859e+03 
1.347100e-01 2.892298e+03 
1.359800e-01 2.847820e+03 
1.372100e-01 2.804502e+03 
1.384300e-01 2.762190e+03 
1.395700e-01 2.722740e+03 
1.407700e-01 2.682070e+03 
1.420300e-01 2.639901e+03 
1.432800e-01 2.599024e+03 
1.444500e-01 2.561752e+03 
1.456300e-01 2.524955e+03 
1.468900e-01 2.487189e+03 
1.480500e-01 2.453360e+03 
1.491700e-01 2.421857e+03 
1.503800e-01 2.389158e+03 
1.516400e-01 2.356093e+03 
1.528200e-01 2.326953e+03 
1.540200e-01 2.297900e+03 
1.551900e-01 2.271252e+03 
1.564300e-01 2.243831e+03 
1.576600e-01 2.217693e+03 
1.588700e-01 2.193110e+03 
1.600900e-01 2.168830e+03 
1.612700e-01 2.146503e+03 
1.625400e-01 2.122922e+03 
1.637600e-01 2.100849e+03 
1.649500e-01 2.079797e+03 
1.662200e-01 2.057709e+03 
1.674000e-01 2.037381e+03 
1.685000e-01 2.018749e+03 
1.697500e-01 1.997644e+03 
1.710300e-01 1.976136e+03 
1.722200e-01 1.956496e+03 
1.734400e-01 1.935952e+03 
1.746400e-01 1.916062e+03 
1.758700e-01 1.895789e+03 
1.770900e-01 1.875546e+03 
1.782700e-01 1.856298e+03 
1.794600e-01 1.836876e+03 
1.807000e-01 1.816758e+03 
1.819100e-01 1.797461e+03 
1.830100e-01 1.779963e+03 
1.842200e-01 1.760980e+03 
1.855000e-01 1.741241e+03 
1.867000e-01 1.723020e+03 
1.879200e-01 1.704798e+03 
1.890900e-01 1.687636e+03 
1.902800e-01 1.670614e+03 
1.915200e-01 1.653164e+03 
1.926900e-01 1.637033e+03 
1.939000e-01 1.620850e+03 
1.951700e-01 1.604137e+03 
1.963100e-01 1.589461e+03 
1.975100e-01 1.574493e+03 
1.987800e-01 1.558900e+03 
2.000100e-01 1.544128e+03 
2.012500e-01 1.529682e+03 
2.023400e-01 1.517166e+03 
2.036100e-01 1.502844e+03 
2.048900e-01 1.488824e+03 
2.060400e-01 1.476413e+03 
2.072200e-01 1.463868e+03 
2.084200e-01 1.451412e+03 
2.096900e-01 1.438422e+03 
2.109200e-01 1.426028e+03 
2.121100e-01 1.414229e+03 
2.132700e-01 1.402887e+03 
2.145200e-01 1.390835e+03 
2.157200e-01 1.379425e+03 
2.168800e-01 1.368543e+03 
2.180700e-01 1.357529e+03 
2.193400e-01 1.345919e+03 
2.206000e-01 1.334527e+03 
2.217500e-01 1.324270e+03 
2.229500e-01 1.313708e+03 
2.241400e-01 1.303336e+03 
2.253500e-01 1.292928e+03 
2.264900e-01 1.283250e+03 
2.277100e-01 1.273016e+03 
2.289900e-01 1.262413e+03 
2.301500e-01 1.252932e+03 
2.313600e-01 1.243168e+03 
2.325600e-01 1.233620e+03 
2.337700e-01 1.224116e+03 
2.350000e-01 1.214580e+03 
2.362000e-01 1.205410e+03 
2.374100e-01 1.196295e+03 
2.386500e-01 1.187074e+03 
2.399100e-01 1.177826e+03 
2.410400e-01 1.169686e+03 
2.422500e-01 1.161081e+03 
2.435000e-01 1.152303e+03 
2.447300e-01 1.143786e+03 
2.458700e-01 1.136033e+03 
2.470600e-01 1.128034e+03 
2.483300e-01 1.119603e+03 
2.495600e-01 1.111565e+03 
2.507600e-01 1.103852e+03 
2.519600e-01 1.096231e+03 
2.532200e-01 1.088325e+03 
2.543700e-01 1.081222e+03 
2.555500e-01 1.074037e+03 
2.568000e-01 1.066514e+03 
2.580100e-01 1.059318e+03 
2.592400e-01 1.052114e+03 
2.604100e-01 1.045350e+03 
2.616100e-01 1.038490e+03 
2.628400e-01 1.031540e+03 
2.640600e-01 1.024741e+03 
2.652200e-01 1.018354e+03 
2.664300e-01 1.011765e+03 
2.676500e-01 1.005197e+03 
2.688400e-01 9.988668e+02 
2.700700e-01 9.924008e+02 
2.712400e-01 9.863175e+02 
2.724800e-01 9.799409e+02 
2.736700e-01 9.738855e+02 
2.748800e-01 9.677919e+02 
2.761000e-01 9.617147e+02 
2.773200e-01 9.557038e+02 
2.785400e-01 9.497554e+02 
2.797000e-01 9.441537e+02 
2.808900e-01 9.384666e+02 
2.821400e-01 9.325567e+02 
2.833900e-01 9.267107e+02 
2.845500e-01 9.213302e+02 
2.857800e-01 9.156840e+02 
2.870300e-01 9.100074e+02 
2.882100e-01 9.047046e+02 
2.893900e-01 8.994520e+02 
2.906300e-01 8.939875e+02 
2.918900e-01 8.884937e+02 
2.930500e-01 8.834875e+02 
2.942500e-01 8.783574e+02 
2.954200e-01 8.733961e+02 
2.966500e-01 8.682327e+02 
2.978900e-01 8.630807e+02 
2.990400e-01 8.583499e+02 
3.002700e-01 8.533386e+02 
3.015100e-01 8.483374e+02 
3.026800e-01 8.436649e+02 
3.038500e-01 8.390370e+02 
3.050300e-01 8.344140e+02 
3.062600e-01 8.296416e+02 
3.075000e-01 8.248781e+02 
3.087000e-01 8.203135e+02 
3.099100e-01 8.157550e+02 
3.111200e-01 8.112431e+02 
3.123100e-01 8.068525e+02 
3.135300e-01 8.023940e+02 
3.147300e-01 7.980504e+02 
3.159900e-01 7.935334e+02 
3.171800e-01 7.893124e+02 
3.183700e-01 7.851331e+02 
3.196300e-01 7.807499e+02 
3.208400e-01 7.765807e+02 
3.220300e-01 7.725182e+02 
3.232000e-01 7.685717e+02 
3.244300e-01 7.644654e+02 
3.256700e-01 7.603645e+02 
3.269200e-01 7.562694e+02 
3.280800e-01 7.525037e+02 
3.292500e-01 7.487509e+02 
3.304800e-01 7.448450e+02 
3.317100e-01 7.409749e+02 
3.328900e-01 7.372952e+02 
3.340700e-01 7.336477e+02 
3.353600e-01 7.297120e+02 
3.365300e-01 7.261805e+02 
3.377100e-01 7.226494e+02 
3.389200e-01 7.190600e+02 
3.401600e-01 7.154143e+02 
3.413700e-01 7.118999e+02 
3.425300e-01 7.085675e+02 
3.437700e-01 7.050359e+02 
3.449800e-01 7.016200e+02 
3.461800e-01 6.982613e+02 
3.473600e-01 6.949936e+02 
3.485800e-01 6.916612e+02 
3.498100e-01 6.883304e+02 
3.510200e-01 6.850818e+02 
3.522000e-01 6.819402e+02 
3.533900e-01 6.787982e+02 
3.546400e-01 6.755446e+02 
3.558400e-01 6.724488e+02 
3.570600e-01 6.693275e+02 
3.582700e-01 6.662578e+02 
3.595000e-01 6.631633e+02 
3.607100e-01 6.601551e+02 
3.618900e-01 6.572537e+02 
3.631200e-01 6.542540e+02 
3.643200e-01 6.513515e+02 
3.655500e-01 6.484007e+02 
3.667300e-01 6.455928e+02 
3.679500e-01 6.427298e+02 
3.691900e-01 6.398437e+02 
3.703600e-01 6.371422e+02 
3.715700e-01 6.343705e+02 
3.727700e-01 6.316434e+02 
3.739900e-01 6.288999e+02 
3.752000e-01 6.262131e+02 
3.763900e-01 6.235914e+02 
3.775800e-01 6.209900e+02 
3.788200e-01 6.183006e+02 
3.800300e-01 6.156970e+02 
3.812100e-01 6.131834e+02 
3.824200e-01 6.106294e+02 
3.836100e-01 6.081370e+02 
3.848600e-01 6.055393e+02 
3.860400e-01 6.031060e+02 
3.872400e-01 6.006501e+02 
3.884600e-01 5.981828e+02 
3.896500e-01 5.957983e+02 
3.908700e-01 5.933722e+02 
3.920600e-01 5.910236e+02 
3.933100e-01 5.885754e+02 
3.945300e-01 5.862043e+02 
3.957200e-01 5.839155e+02 
3.969300e-01 5.816074e+02 
3.981700e-01 5.792600e+02 
3.993500e-01 5.770428e+02 
4.094840e-01 5.586537e+02 
4.272360e-01 5.291544e+02 
4.454600e-01 5.018341e+02 
4.630560e-01 4.778943e+02 
4.804610e-01 4.562491e+02 
4.980690e-01 4.361511e+02 
5.159230e-01 4.174170e+02 
5.317440e-01 4.020517e+02 
5.489640e-01 3.865312e+02 
5.671990e-01 3.713475e+02 
5.838690e-01 3.584662e+02 
6.018840e-01 3.455371e+02 
6.202330e-01 3.333334e+02 
6.379250e-01 3.223732e+02 
6.545410e-01 3.127731e+02 
6.714560e-01 3.035901e+02 
6.892080e-01 2.945685e+02 
7.066010e-01 2.862661e+02 
7.240540e-01 2.784138e+02 
7.420450e-01 2.708003e+02 
7.593780e-01 2.638699e+02 
7.764720e-01 2.573860e+02 
7.942840e-01 2.509778e+02 
8.116170e-01 2.450492e+02 
8.288310e-01 2.394389e+02 
8.462240e-01 2.340240e+02 
8.631980e-01 2.289663e+02 
8.810700e-01 2.238670e+02 
8.989410e-01 2.189825e+02 
9.166330e-01 2.143387e+02 
9.345640e-01 2.098139e+02 
9.515980e-01 2.056719e+02 
9.688720e-01 2.016182e+02 
9.865640e-01 1.976079e+02 
1.031870e+00 1.879477e+02 
1.063490e+00 1.816431e+02 
1.097920e+00 1.751990e+02 
1.134370e+00 1.687305e+02 
1.167730e+00 1.631445e+02 
1.203830e+00 1.574051e+02 
1.240470e+00 1.519030e+02 
1.275790e+00 1.468439e+02 
1.309140e+00 1.423105e+02 
1.342970e+00 1.378918e+02 
1.378420e+00 1.334949e+02 
1.413200e+00 1.293717e+02 
1.448110e+00 1.254020e+02 
1.484090e+00 1.215086e+02 
1.518820e+00 1.178947e+02 
1.552880e+00 1.145088e+02 
1.588630e+00 1.110896e+02 
1.623230e+00 1.079284e+02 
1.657720e+00 1.048999e+02 
1.692450e+00 1.019886e+02 
1.726400e+00 9.922637e+01 
1.762200e+00 9.642617e+01 
1.797880e+00 9.375614e+01 
1.833270e+00 9.119807e+01 
1.869070e+00 8.872022e+01 
1.903200e+00 8.644341e+01 
1.937740e+00 8.422030e+01 
1.973190e+00 8.201884e+01 
2.007440e+00 7.997076e+01 
2.042160e+00 7.797384e+01 
2.077900e+00 7.597836e+01 
2.112390e+00 7.413117e+01 
2.146220e+00 7.236374e+01 
2.181600e+00 7.058790e+01 
2.216930e+00 6.887576e+01 
2.250760e+00 6.728275e+01 
2.286500e+00 6.565320e+01 
2.321770e+00 6.410720e+01 
2.355950e+00 6.266454e+01 
2.391280e+00 6.120855e+01 
2.426240e+00 5.981255e+01 
2.460670e+00 5.848042e+01 
2.495640e+00 5.716976e+01 
2.531080e+00 5.588907e+01 
2.566220e+00 5.465086e+01 
2.600830e+00 5.346965e+01 
2.635080e+00 5.234004e+01 
2.670340e+00 5.120117e+01 
2.705970e+00 5.008989e+01 
2.740040e+00 4.906121e+01 
2.774520e+00 4.804808e+01 
2.809730e+00 4.704257e+01 
2.844390e+00 4.608130e+01 
2.879960e+00 4.512175e+01 
2.914860e+00 4.420628e+01 
2.949410e+00 4.332551e+01 
2.984440e+00 4.245574e+01 
3.019760e+00 4.160620e+01 
3.054730e+00 4.079024e+01 
3.089030e+00 4.000473e+01 
3.124060e+00 3.922632e+01 
3.159560e+00 3.846137e+01 
3.194710e+00 3.771945e+01 
3.229010e+00 3.701404e+01 
3.263320e+00 3.632930e+01 
3.297930e+00 3.565652e+01 
3.332830e+00 3.499476e+01 
3.368040e+00 3.434388e+01 
3.403300e+00 3.370872e+01 
3.438450e+00 3.309063e+01 
3.473060e+00 3.249765e+01 
3.508440e+00 3.190901e+01 
3.543110e+00 3.134640e+01 
3.577470e+00 3.079849e+01 
3.613040e+00 3.024614e+01 
3.648120e+00 2.971639e+01 
3.682910e+00 2.920365e+01 
3.718050e+00 2.869759e+01 
3.753320e+00 2.820164e+01 
3.787980e+00 2.772526e+01 
3.822290e+00 2.726561e+01 
3.857020e+00 2.681235e+01 
3.891920e+00 2.636622e+01 
3.926650e+00 2.593009e+01 
3.961970e+00 2.549746e+01 
3.997360e+00 2.507530e+01 
4.031670e+00 2.467528e+01 
4.066330e+00 2.427950e+01 
4.101420e+00 2.388797e+01 
4.136200e+00 2.350965e+01 
4.170810e+00 2.314157e+01 
4.206250e+00 2.277217e+01 
4.241580e+00 2.241200e+01 
4.276300e+00 2.206583e+01 
4.310970e+00 2.172762e+01 
4.346120e+00 2.139218e+01 
4.380600e+00 2.107022e+01 
4.414730e+00 2.075820e+01 
4.450350e+00 2.043931e+01 
4.485320e+00 2.013290e+01 
4.519810e+00 1.983706e+01 
4.555430e+00 1.953793e+01 
4.590870e+00 1.924659e+01 
4.625480e+00 1.896802e+01 
4.659910e+00 1.869647e+01 
4.695230e+00 1.842366e+01 
4.729960e+00 1.816083e+01 
4.764450e+00 1.790505e+01 
4.799530e+00 1.765019e+01 
4.834910e+00 1.739824e+01 
4.869700e+00 1.715556e+01 
4.904370e+00 1.691842e+01 
4.939450e+00 1.668316e+01 
4.973940e+00 1.645648e+01 
5.008430e+00 1.623406e+01 
5.043810e+00 1.601045e+01 
5.078840e+00 1.579339e+01 
5.113500e+00 1.558261e+01 
5.148890e+00 1.537165e+01 
5.184210e+00 1.516504e+01 
5.219060e+00 1.496502e+01 
5.253660e+00 1.477032e+01 
5.288570e+00 1.457741e+01 
5.323420e+00 1.438846e+01 
5.358440e+00 1.420217e+01 
5.393590e+00 1.401853e+01 
5.428310e+00 1.384058e+01 
5.462800e+00 1.366702e+01 
5.497640e+00 1.349472e+01 
5.532670e+00 1.332481e+01 
5.567280e+00 1.315991e+01 
5.602000e+00 1.299730e+01 
5.637270e+00 1.283521e+01 
5.672410e+00 1.267654e+01 
5.707020e+00 1.252288e+01 
5.742040e+00 1.237035e+01 
5.777430e+00 1.221887e+01 
5.812210e+00 1.207247e+01 
5.846820e+00 1.192940e+01 
5.881610e+00 1.178797e+01 
5.916510e+00 1.164840e+01 
5.951600e+00 1.151068e+01 
5.986560e+00 1.137583e+01 
6.021830e+00 1.124197e+01 
6.056490e+00 1.111271e+01 
6.091160e+00 1.098560e+01 
6.125830e+00 1.086048e+01 
6.161090e+00 1.073532e+01 
6.195760e+00 1.061440e+01 
6.230420e+00 1.049537e+01 
6.265690e+00 1.037612e+01 
6.300950e+00 1.025918e+01 
6.335620e+00 1.014595e+01 
6.370880e+00 1.003254e+01 
6.405550e+00 9.922909e+00 
6.440220e+00 9.814991e+00 
6.475480e+00 9.706872e+00 
6.510150e+00 9.602258e+00 
6.544810e+00 9.499470e+00 
6.580080e+00 9.396408e+00 
6.614750e+00 9.296580e+00 
6.649410e+00 9.198480e+00 
6.684080e+00 9.101809e+00 
6.719340e+00 9.004908e+00 
6.754010e+00 8.911087e+00 
6.788680e+00 8.818811e+00 
6.823940e+00 8.726294e+00 
6.859800e+00 8.633554e+00 
6.894470e+00 8.545368e+00 
6.929140e+00 8.458478e+00 
6.963800e+00 8.372811e+00 
6.999070e+00 8.286864e+00 
7.033730e+00 8.203881e+00 
7.068400e+00 8.122000e+00 
7.103660e+00 8.039862e+00 
7.138330e+00 7.960281e+00 
7.173600e+00 7.880593e+00 
7.208260e+00 7.803336e+00 
7.243530e+00 7.725772e+00 
7.277600e+00 7.651977e+00 
7.312860e+00 7.576735e+00 
7.348120e+00 7.502495e+00 
7.382790e+00 7.430457e+00 
7.417460e+00 7.359525e+00 
7.452720e+00 7.288415e+00 
7.487390e+00 7.219402e+00 
7.522650e+00 7.150120e+00 
7.557320e+00 7.083056e+00 
7.591990e+00 7.016911e+00 
7.627250e+00 6.950496e+00 
7.662510e+00 6.884931e+00 
7.697180e+00 6.821449e+00 
7.731850e+00 6.758823e+00 
7.766510e+00 6.696992e+00 
7.801180e+00 6.635907e+00 
7.836440e+00 6.574678e+00 
7.871110e+00 6.515294e+00 
7.906380e+00 6.455626e+00 
7.941040e+00 6.397708e+00 
7.976310e+00 6.339584e+00 
8.011570e+00 6.282299e+00 
8.046240e+00 6.226654e+00 
8.080900e+00 6.171690e+00 
8.115570e+00 6.117414e+00 
8.150830e+00 6.063065e+00 
8.185500e+00 6.010261e+00 
8.220770e+00 5.957180e+00 
8.255430e+00 5.905632e+00 
8.290100e+00 5.854817e+00 
8.324770e+00 5.804609e+00 
8.359430e+00 5.754996e+00 
8.394700e+00 5.705096e+00 
8.429960e+00 5.655886e+00 
8.464630e+00 5.608153e+00 
8.499890e+00 5.560165e+00 
8.534560e+00 5.513518e+00 
8.569200e+00 5.467438e+00 
