# Parameters:
# omega_b = 0.022500, omega_m = 0.137500, n_s = 0.950000, h = 69.033203, w = -1.000000,sigma_8 = 0.755000
# z = 0.520000
#
# k[1/Mpc] # P(k):
8.694000e-04 9.168335e+03 
2.077466e-03 1.932609e+04 
3.285532e-03 2.712095e+04 
4.493598e-03 3.301898e+04 
5.701664e-03 3.732146e+04 
6.909730e-03 4.030515e+04 
8.117797e-03 4.226847e+04 
9.325863e-03 4.336608e+04 
1.053393e-02 4.374940e+04 
1.174199e-02 4.355687e+04 
1.295006e-02 4.287672e+04 
1.415813e-02 4.182743e+04 
1.536619e-02 4.050800e+04 
1.657426e-02 3.898686e+04 
1.778233e-02 3.732487e+04 
1.899039e-02 3.560974e+04 
2.019846e-02 3.388931e+04 
2.140652e-02 3.220642e+04 
2.261459e-02 3.058332e+04 
2.382266e-02 2.904690e+04 
2.503072e-02 2.761526e+04 
2.623879e-02 2.629475e+04 
2.744685e-02 2.508696e+04 
2.865492e-02 2.399271e+04 
2.986299e-02 2.300673e+04 
3.100100e-02 2.217401e+04 
3.220400e-02 2.138656e+04 
3.288100e-02 2.098400e+04 
3.424300e-02 2.025165e+04 
3.555100e-02 1.963141e+04 
3.686000e-02 1.908127e+04 
3.795000e-02 1.866639e+04 
3.929100e-02 1.820202e+04 
4.039800e-02 1.784482e+04 
4.164000e-02 1.746387e+04 
4.294400e-02 1.707288e+04 
4.415000e-02 1.671673e+04 
4.542900e-02 1.632965e+04 
4.660900e-02 1.596839e+04 
4.782300e-02 1.557492e+04 
4.892900e-02 1.520753e+04 
5.031200e-02 1.473024e+04 
5.155900e-02 1.428212e+04 
5.238100e-02 1.398044e+04 
5.378200e-02 1.345901e+04 
5.513400e-02 1.294929e+04 
5.627600e-02 1.251870e+04 
5.735300e-02 1.211766e+04 
5.870100e-02 1.162732e+04 
5.988700e-02 1.121162e+04 
6.113500e-02 1.079296e+04 
6.225900e-02 1.043527e+04 
6.340100e-02 1.009301e+04 
6.480200e-02 9.702353e+03 
6.601100e-02 9.394247e+03 
6.725500e-02 9.104620e+03 
6.829100e-02 8.886295e+03 
6.958600e-02 8.636893e+03 
7.071100e-02 8.442976e+03 
7.192300e-02 8.254509e+03 
7.307400e-02 8.093333e+03 
7.412300e-02 7.959788e+03 
7.550400e-02 7.802141e+03 
7.663100e-02 7.684427e+03 
7.791200e-02 7.562479e+03 
7.912700e-02 7.454236e+03 
8.027600e-02 7.355756e+03 
8.138400e-02 7.262907e+03 
8.272200e-02 7.151665e+03 
8.406100e-02 7.039357e+03 
8.534100e-02 6.927735e+03 
8.653800e-02 6.818622e+03 
8.759800e-02 6.719257e+03 
8.900300e-02 6.582547e+03 
9.009000e-02 6.472182e+03 
9.113300e-02 6.362180e+03 
9.239600e-02 6.227068e+03 
9.358000e-02 6.097508e+03 
9.496100e-02 5.942998e+03 
9.608400e-02 5.817609e+03 
9.727500e-02 5.685840e+03 
9.852600e-02 5.547483e+03 
9.973800e-02 5.417142e+03 
1.009000e-01 5.295572e+03 
1.020900e-01 5.175880e+03 
1.034000e-01 5.049820e+03 
1.046000e-01 4.939648e+03 
1.057200e-01 4.843947e+03 
1.069100e-01 4.746887e+03 
1.082500e-01 4.646330e+03 
1.093900e-01 4.567076e+03 
1.105400e-01 4.491430e+03 
1.116900e-01 4.423178e+03 
1.129600e-01 4.351646e+03 
1.142000e-01 4.288315e+03 
1.153300e-01 4.233623e+03 
1.166400e-01 4.174267e+03 
1.177800e-01 4.125492e+03 
1.190000e-01 4.075291e+03 
1.201200e-01 4.030643e+03 
1.213400e-01 3.983218e+03 
1.227100e-01 3.930047e+03 
1.238900e-01 3.884881e+03 
1.250700e-01 3.838959e+03 
1.263200e-01 3.790514e+03 
1.275500e-01 3.741879e+03 
1.287500e-01 3.694288e+03 
1.299900e-01 3.644283e+03 
1.311300e-01 3.598164e+03 
1.323500e-01 3.548129e+03 
1.335900e-01 3.497426e+03 
1.347100e-01 3.451293e+03 
1.359800e-01 3.399505e+03 
1.372100e-01 3.349226e+03 
1.384300e-01 3.300162e+03 
1.395700e-01 3.254543e+03 
1.407700e-01 3.207511e+03 
1.420300e-01 3.158817e+03 
1.432800e-01 3.111603e+03 
1.444500e-01 3.068653e+03 
1.456300e-01 3.026238e+03 
1.468900e-01 2.982622e+03 
1.480500e-01 2.943520e+03 
1.491700e-01 2.907046e+03 
1.503800e-01 2.869110e+03 
1.516400e-01 2.830707e+03 
1.528200e-01 2.796705e+03 
1.540200e-01 2.762798e+03 
1.551900e-01 2.731536e+03 
1.564300e-01 2.699323e+03 
1.576600e-01 2.668526e+03 
1.588700e-01 2.639449e+03 
1.600900e-01 2.610722e+03 
1.612700e-01 2.584186e+03 
1.625400e-01 2.556157e+03 
1.637600e-01 2.529891e+03 
1.649500e-01 2.504821e+03 
1.662200e-01 2.478524e+03 
1.674000e-01 2.454363e+03 
1.685000e-01 2.432216e+03 
1.697500e-01 2.407182e+03 
1.710300e-01 2.381719e+03 
1.722200e-01 2.358466e+03 
1.734400e-01 2.334293e+03 
1.746400e-01 2.310895e+03 
1.758700e-01 2.287086e+03 
1.770900e-01 2.263394e+03 
1.782700e-01 2.240863e+03 
1.794600e-01 2.218189e+03 
1.807000e-01 2.194740e+03 
1.819100e-01 2.172245e+03 
1.830100e-01 2.151891e+03 
1.842200e-01 2.129814e+03 
1.855000e-01 2.106855e+03 
1.867000e-01 2.085665e+03 
1.879200e-01 2.064472e+03 
1.890900e-01 2.044503e+03 
1.902800e-01 2.024670e+03 
1.915200e-01 2.004333e+03 
1.926900e-01 1.985518e+03 
1.939000e-01 1.966595e+03 
1.951700e-01 1.947049e+03 
1.963100e-01 1.929869e+03 
1.975100e-01 1.912308e+03 
1.987800e-01 1.894010e+03 
2.000100e-01 1.876658e+03 
2.012500e-01 1.859649e+03 
2.023400e-01 1.844911e+03 
2.036100e-01 1.828036e+03 
2.048900e-01 1.811482e+03 
2.060400e-01 1.796827e+03 
2.072200e-01 1.782009e+03 
2.084200e-01 1.767274e+03 
2.096900e-01 1.751908e+03 
2.109200e-01 1.737244e+03 
2.121100e-01 1.723291e+03 
2.132700e-01 1.709878e+03 
2.145200e-01 1.695625e+03 
2.157200e-01 1.682133e+03 
2.168800e-01 1.669266e+03 
2.180700e-01 1.656243e+03 
2.193400e-01 1.642526e+03 
2.206000e-01 1.629091e+03 
2.217500e-01 1.616994e+03 
2.229500e-01 1.604536e+03 
2.241400e-01 1.592332e+03 
2.253500e-01 1.580087e+03 
2.264900e-01 1.568698e+03 
2.277100e-01 1.556666e+03 
2.289900e-01 1.544212e+03 
2.301500e-01 1.533073e+03 
2.313600e-01 1.521602e+03 
2.325600e-01 1.510407e+03 
2.337700e-01 1.499263e+03 
2.350000e-01 1.488080e+03 
2.362000e-01 1.477335e+03 
2.374100e-01 1.466669e+03 
2.386500e-01 1.455876e+03 
2.399100e-01 1.445051e+03 
2.410400e-01 1.435525e+03 
2.422500e-01 1.425454e+03 
2.435000e-01 1.415179e+03 
2.447300e-01 1.405209e+03 
2.458700e-01 1.396132e+03 
2.470600e-01 1.386766e+03 
2.483300e-01 1.376893e+03 
2.495600e-01 1.367480e+03 
2.507600e-01 1.358447e+03 
2.519600e-01 1.349519e+03 
2.532200e-01 1.340258e+03 
2.543700e-01 1.331930e+03 
2.555500e-01 1.323499e+03 
2.568000e-01 1.314672e+03 
2.580100e-01 1.306227e+03 
2.592400e-01 1.297763e+03 
2.604100e-01 1.289813e+03 
2.616100e-01 1.281749e+03 
2.628400e-01 1.273578e+03 
2.640600e-01 1.265576e+03 
2.652200e-01 1.258054e+03 
2.664300e-01 1.250294e+03 
2.676500e-01 1.242558e+03 
2.688400e-01 1.235095e+03 
2.700700e-01 1.227467e+03 
2.712400e-01 1.220290e+03 
2.724800e-01 1.212766e+03 
2.736700e-01 1.205612e+03 
2.748800e-01 1.198404e+03 
2.761000e-01 1.191216e+03 
2.773200e-01 1.184105e+03 
2.785400e-01 1.177065e+03 
2.797000e-01 1.170430e+03 
2.808900e-01 1.163694e+03 
2.821400e-01 1.156693e+03 
2.833900e-01 1.149767e+03 
2.845500e-01 1.143387e+03 
2.857800e-01 1.136691e+03 
2.870300e-01 1.129958e+03 
2.882100e-01 1.123668e+03 
2.893900e-01 1.117430e+03 
2.906300e-01 1.110935e+03 
2.918900e-01 1.104405e+03 
2.930500e-01 1.098455e+03 
2.942500e-01 1.092357e+03 
2.954200e-01 1.086459e+03 
2.966500e-01 1.080321e+03 
2.978900e-01 1.074196e+03 
2.990400e-01 1.068572e+03 
3.002700e-01 1.062610e+03 
3.015100e-01 1.056659e+03 
3.026800e-01 1.051099e+03 
3.038500e-01 1.045592e+03 
3.050300e-01 1.040090e+03 
3.062600e-01 1.034409e+03 
3.075000e-01 1.028738e+03 
3.087000e-01 1.023304e+03 
3.099100e-01 1.017876e+03 
3.111200e-01 1.012504e+03 
3.123100e-01 1.007275e+03 
3.135300e-01 1.001965e+03 
3.147300e-01 9.967910e+02 
3.159900e-01 9.914106e+02 
3.171800e-01 9.863834e+02 
3.183700e-01 9.814064e+02 
3.196300e-01 9.761862e+02 
3.208400e-01 9.712206e+02 
3.220300e-01 9.663819e+02 
3.232000e-01 9.616812e+02 
3.244300e-01 9.567899e+02 
3.256700e-01 9.519047e+02 
3.269200e-01 9.470263e+02 
3.280800e-01 9.425400e+02 
3.292500e-01 9.380690e+02 
3.304800e-01 9.334152e+02 
3.317100e-01 9.288039e+02 
3.328900e-01 9.244193e+02 
3.340700e-01 9.200727e+02 
3.353600e-01 9.153825e+02 
3.365300e-01 9.111737e+02 
3.377100e-01 9.069653e+02 
3.389200e-01 9.026871e+02 
3.401600e-01 8.983417e+02 
3.413700e-01 8.941520e+02 
3.425300e-01 8.901789e+02 
3.437700e-01 8.859681e+02 
3.449800e-01 8.818950e+02 
3.461800e-01 8.778901e+02 
3.473600e-01 8.739923e+02 
3.485800e-01 8.700143e+02 
3.498100e-01 8.660381e+02 
3.510200e-01 8.621598e+02 
3.522000e-01 8.584092e+02 
3.533900e-01 8.546579e+02 
3.546400e-01 8.507750e+02 
3.558400e-01 8.470801e+02 
3.570600e-01 8.433549e+02 
3.582700e-01 8.396909e+02 
3.595000e-01 8.359974e+02 
3.607100e-01 8.324056e+02 
3.618900e-01 8.289404e+02 
3.631200e-01 8.253577e+02 
3.643200e-01 8.218909e+02 
3.655500e-01 8.183664e+02 
3.667300e-01 8.150124e+02 
3.679500e-01 8.115994e+02 
3.691900e-01 8.081587e+02 
3.703600e-01 8.049381e+02 
3.715700e-01 8.016336e+02 
3.727700e-01 7.983823e+02 
3.739900e-01 7.951072e+02 
3.752000e-01 7.918926e+02 
3.763900e-01 7.887558e+02 
3.775800e-01 7.856432e+02 
3.788200e-01 7.824253e+02 
3.800300e-01 7.793100e+02 
3.812100e-01 7.762924e+02 
3.824200e-01 7.732199e+02 
3.836100e-01 7.702213e+02 
3.848600e-01 7.670959e+02 
3.860400e-01 7.641683e+02 
3.872400e-01 7.612135e+02 
3.884600e-01 7.582578e+02 
3.896500e-01 7.554062e+02 
3.908700e-01 7.525047e+02 
3.920600e-01 7.496959e+02 
3.933100e-01 7.467679e+02 
3.945300e-01 7.439320e+02 
3.957200e-01 7.411833e+02 
3.969300e-01 7.384082e+02 
3.981700e-01 7.355858e+02 
3.993500e-01 7.329198e+02 
4.094840e-01 7.107517e+02 
4.272360e-01 6.752027e+02 
4.454600e-01 6.421335e+02 
4.630560e-01 6.130358e+02 
4.804610e-01 5.866219e+02 
4.980690e-01 5.620663e+02 
5.159230e-01 5.391094e+02 
5.317440e-01 5.202896e+02 
5.489640e-01 5.011811e+02 
5.671990e-01 4.824124e+02 
5.838690e-01 4.664821e+02 
6.018840e-01 4.504756e+02 
6.202330e-01 4.353397e+02 
6.379250e-01 4.216779e+02 
6.545410e-01 4.096804e+02 
6.714560e-01 3.981922e+02 
6.892080e-01 3.868471e+02 
7.066010e-01 3.763395e+02 
7.240540e-01 3.663991e+02 
7.420450e-01 3.567634e+02 
7.593780e-01 3.478986e+02 
7.764720e-01 3.396068e+02 
7.942840e-01 3.314021e+02 
8.116170e-01 3.237352e+02 
8.288310e-01 3.164887e+02 
8.462240e-01 3.094412e+02 
8.631980e-01 3.028489e+02 
8.810700e-01 2.961933e+02 
8.989410e-01 2.898117e+02 
9.166330e-01 2.837151e+02 
9.345640e-01 2.777330e+02 
9.515980e-01 2.722511e+02 
9.688720e-01 2.668920e+02 
9.865640e-01 2.615729e+02 
1.031870e+00 2.486912e+02 
1.063490e+00 2.402809e+02 
1.097920e+00 2.316066e+02 
1.134370e+00 2.229472e+02 
1.167730e+00 2.154044e+02 
1.203830e+00 2.076755e+02 
1.240470e+00 2.002408e+02 
1.275790e+00 1.934024e+02 
1.309140e+00 1.872733e+02 
1.342970e+00 1.812980e+02 
1.378420e+00 1.753578e+02 
1.413200e+00 1.697743e+02 
1.448110e+00 1.644180e+02 
1.484090e+00 1.591540e+02 
1.518820e+00 1.542887e+02 
1.552880e+00 1.497028e+02 
1.588630e+00 1.451036e+02 
1.623230e+00 1.408434e+02 
1.657720e+00 1.367666e+02 
1.692450e+00 1.328527e+02 
1.726400e+00 1.291428e+02 
1.762200e+00 1.253836e+02 
1.797880e+00 1.217965e+02 
1.833270e+00 1.183790e+02 
1.869070e+00 1.150554e+02 
1.903200e+00 1.120149e+02 
1.937740e+00 1.090486e+02 
1.973190e+00 1.061145e+02 
2.007440e+00 1.033838e+02 
2.042160e+00 1.007171e+02 
2.077900e+00 9.806526e+01 
2.112390e+00 9.561310e+01 
2.146220e+00 9.326840e+01 
2.181600e+00 9.091542e+01 
2.216930e+00 8.864871e+01 
2.250760e+00 8.654659e+01 
2.286500e+00 8.439867e+01 
2.321770e+00 8.235496e+01 
2.355950e+00 8.044237e+01 
2.391280e+00 7.852205e+01 
2.426240e+00 7.668858e+01 
2.460670e+00 7.493958e+01 
2.495640e+00 7.321489e+01 
2.531080e+00 7.153183e+01 
2.566220e+00 6.991084e+01 
2.600830e+00 6.836420e+01 
2.635080e+00 6.688238e+01 
2.670340e+00 6.539582e+01 
2.705970e+00 6.394637e+01 
2.740040e+00 6.260436e+01 
2.774520e+00 6.127873e+01 
2.809730e+00 5.996808e+01 
2.844390e+00 5.871727e+01 
2.879960e+00 5.746936e+01 
2.914860e+00 5.627945e+01 
2.949410e+00 5.513609e+01 
2.984440e+00 5.401159e+01 
3.019760e+00 5.290787e+01 
3.054730e+00 5.184530e+01 
3.089030e+00 5.083123e+01 
3.124060e+00 4.982504e+01 
3.159560e+00 4.883431e+01 
3.194710e+00 4.787983e+01 
3.229010e+00 4.697377e+01 
3.263320e+00 4.608793e+01 
3.297930e+00 4.521902e+01 
3.332830e+00 4.436713e+01 
3.368040e+00 4.352955e+01 
3.403300e+00 4.271245e+01 
3.438450e+00 4.191759e+01 
3.473060e+00 4.115516e+01 
3.508440e+00 4.039893e+01 
3.543110e+00 3.967668e+01 
3.577470e+00 3.897580e+01 
3.613040e+00 3.826944e+01 
3.648120e+00 3.759233e+01 
3.682910e+00 3.693613e+01 
3.718050e+00 3.628690e+01 
3.753320e+00 3.565281e+01 
3.787980e+00 3.504686e+01 
3.822290e+00 3.446049e+01 
3.857020e+00 3.387965e+01 
3.891920e+00 3.330960e+01 
3.926650e+00 3.275521e+01 
3.961970e+00 3.220475e+01 
3.997360e+00 3.166627e+01 
4.031670e+00 3.115647e+01 
4.066330e+00 3.065381e+01 
4.101420e+00 3.015651e+01 
4.136200e+00 2.967454e+01 
4.170810e+00 2.920564e+01 
4.206250e+00 2.873686e+01 
4.241580e+00 2.828014e+01 
4.276300e+00 2.784077e+01 
4.310970e+00 2.741133e+01 
4.346120e+00 2.698580e+01 
4.380600e+00 2.657804e+01 
4.414730e+00 2.618286e+01 
4.450350e+00 2.577859e+01 
4.485320e+00 2.539013e+01 
4.519810e+00 2.501575e+01 
4.555430e+00 2.463750e+01 
4.590870e+00 2.426935e+01 
4.625480e+00 2.391783e+01 
4.659910e+00 2.357514e+01 
4.695230e+00 2.323045e+01 
4.729960e+00 2.289829e+01 
4.764450e+00 2.257483e+01 
4.799530e+00 2.225216e+01 
4.834910e+00 2.193318e+01 
4.869700e+00 2.162751e+01 
4.904370e+00 2.132904e+01 
4.939450e+00 2.103280e+01 
4.973940e+00 2.074694e+01 
5.008430e+00 2.046644e+01 
5.043810e+00 2.018406e+01 
5.078840e+00 1.990972e+01 
5.113500e+00 1.964333e+01 
5.148890e+00 1.937818e+01 
5.184210e+00 1.911856e+01 
5.219060e+00 1.886681e+01 
5.253660e+00 1.862063e+01 
5.288570e+00 1.837672e+01 
5.323420e+00 1.813842e+01 
5.358440e+00 1.790416e+01 
5.393590e+00 1.767321e+01 
5.428310e+00 1.744909e+01 
5.462800e+00 1.723030e+01 
5.497640e+00 1.701311e+01 
5.532670e+00 1.679973e+01 
5.567280e+00 1.659290e+01 
5.602000e+00 1.638892e+01 
5.637270e+00 1.618456e+01 
5.672410e+00 1.598427e+01 
5.707020e+00 1.579032e+01 
5.742040e+00 1.559859e+01 
5.777430e+00 1.540833e+01 
5.812210e+00 1.522444e+01 
5.846820e+00 1.504439e+01 
5.881610e+00 1.486632e+01 
5.916510e+00 1.469058e+01 
5.951600e+00 1.451726e+01 
5.986560e+00 1.434760e+01 
6.021830e+00 1.417917e+01 
6.056490e+00 1.401662e+01 
6.091160e+00 1.385686e+01 
6.125830e+00 1.369958e+01 
6.161090e+00 1.354212e+01 
6.195760e+00 1.338970e+01 
6.230420e+00 1.323966e+01 
6.265690e+00 1.308935e+01 
6.300950e+00 1.294206e+01 
6.335620e+00 1.279944e+01 
6.370880e+00 1.265659e+01 
6.405550e+00 1.251860e+01 
6.440220e+00 1.238280e+01 
6.475480e+00 1.224675e+01 
6.510150e+00 1.211514e+01 
6.544810e+00 1.198589e+01 
6.580080e+00 1.185629e+01 
6.614750e+00 1.173075e+01 
6.649410e+00 1.160710e+01 
6.684080e+00 1.148519e+01 
6.719340e+00 1.136299e+01 
6.754010e+00 1.124470e+01 
6.788680e+00 1.112841e+01 
6.823940e+00 1.101183e+01 
6.859800e+00 1.089496e+01 
6.894470e+00 1.078391e+01 
6.929140e+00 1.067452e+01 
6.963800e+00 1.056667e+01 
6.999070e+00 1.045844e+01 
7.033730e+00 1.035361e+01 
7.068400e+00 1.025018e+01 
7.103660e+00 1.014642e+01 
7.138330e+00 1.004605e+01 
7.173600e+00 9.945863e+00 
7.208260e+00 9.848731e+00 
7.243530e+00 9.751210e+00 
7.277600e+00 9.658091e+00 
7.312860e+00 9.562840e+00 
7.348120e+00 9.468858e+00 
7.382790e+00 9.377665e+00 
7.417460e+00 9.288139e+00 
7.452720e+00 9.198524e+00 
7.487390e+00 9.111551e+00 
7.522650e+00 9.024239e+00 
7.557320e+00 8.939536e+00 
7.591990e+00 8.855924e+00 
7.627250e+00 8.771973e+00 
7.662510e+00 8.689096e+00 
7.697180e+00 8.608893e+00 
7.731850e+00 8.529788e+00 
7.766510e+00 8.451687e+00 
7.801180e+00 8.374530e+00 
7.836440e+00 8.297062e+00 
7.871110e+00 8.221851e+00 
7.906380e+00 8.146280e+00 
7.941040e+00 8.072928e+00 
7.976310e+00 7.999354e+00 
8.011570e+00 7.926889e+00 
8.046240e+00 7.856499e+00 
8.080900e+00 7.786971e+00 
8.115570e+00 7.718295e+00 
8.150830e+00 7.649449e+00 
8.185500e+00 7.582561e+00 
8.220770e+00 7.515323e+00 
8.255430e+00 7.450029e+00 
8.290100e+00 7.385642e+00 
8.324770e+00 7.322023e+00 
8.359430e+00 7.259159e+00 
8.394700e+00 7.195932e+00 
8.429960e+00 7.133560e+00 
8.464630e+00 7.073037e+00 
8.499890e+00 7.012192e+00 
8.534560e+00 6.953051e+00 
8.569200e+00 6.894629e+00 
