# Parameters:
# omega_b = 0.022500, omega_m = 0.137500, n_s = 0.950000, h = 74.091797, w = -1.100000,sigma_8 = 0.755000
# z = 0.500000
#
# k[1/Mpc] # Delta^2 / k^1.5:
8.694000e-04 1.114727e-02 
2.077466e-03 8.734214e-02 
3.285532e-03 2.441228e-01 
4.493598e-03 4.757096e-01 
5.701664e-03 7.687624e-01 
6.909730e-03 1.107848e+00 
8.117797e-03 1.479782e+00 
9.325863e-03 1.869898e+00 
1.053393e-02 2.265253e+00 
1.174199e-02 2.654964e+00 
1.295006e-02 3.027995e+00 
1.415813e-02 3.377822e+00 
1.536619e-02 3.699902e+00 
1.657426e-02 3.990009e+00 
1.778233e-02 4.244585e+00 
1.899039e-02 4.465785e+00 
2.019846e-02 4.657789e+00 
2.140652e-02 4.826521e+00 
2.261459e-02 4.974513e+00 
2.382266e-02 5.106264e+00 
2.503072e-02 5.226723e+00 
2.623879e-02 5.339823e+00 
2.744685e-02 5.449152e+00 
2.865492e-02 5.558359e+00 
2.986299e-02 5.669934e+00 
3.100100e-02 5.779851e+00 
3.220400e-02 5.902404e+00 
3.288100e-02 5.975166e+00 
3.424300e-02 6.129572e+00 
3.555100e-02 6.286840e+00 
3.686000e-02 6.452921e+00 
3.795000e-02 6.596298e+00 
3.929100e-02 6.778348e+00 
4.039800e-02 6.930055e+00 
4.164000e-02 7.099441e+00 
4.294400e-02 7.271195e+00 
4.415000e-02 7.423295e+00 
4.542900e-02 7.570266e+00 
4.660900e-02 7.694086e+00 
4.782300e-02 7.799962e+00 
4.892900e-02 7.881551e+00 
5.031200e-02 7.959150e+00 
5.155900e-02 8.003996e+00 
5.238100e-02 8.021529e+00 
5.378200e-02 8.031018e+00 
5.513400e-02 8.016240e+00 
5.627600e-02 7.988043e+00 
5.735300e-02 7.951488e+00 
5.870100e-02 7.895564e+00 
5.988700e-02 7.841053e+00 
6.113500e-02 7.781285e+00 
6.225900e-02 7.728423e+00 
6.340100e-02 7.678519e+00 
6.480200e-02 7.624222e+00 
6.601100e-02 7.587760e+00 
6.725500e-02 7.561472e+00 
6.829100e-02 7.550994e+00 
6.958600e-02 7.548979e+00 
7.071100e-02 7.559950e+00 
7.192300e-02 7.583401e+00 
7.307400e-02 7.616226e+00 
7.412300e-02 7.654233e+00 
7.550400e-02 7.715962e+00 
7.663100e-02 7.772597e+00 
7.791200e-02 7.844392e+00 
7.912700e-02 7.915877e+00 
8.027600e-02 7.983856e+00 
8.138400e-02 8.048316e+00 
8.272200e-02 8.122632e+00 
8.406100e-02 8.190835e+00 
8.534100e-02 8.245975e+00 
8.653800e-02 8.287186e+00 
8.759800e-02 8.316415e+00 
8.900300e-02 8.342917e+00 
9.009000e-02 8.352617e+00 
9.113300e-02 8.352300e+00 
9.239600e-02 8.343614e+00 
9.358000e-02 8.325604e+00 
9.496100e-02 8.292345e+00 
9.608400e-02 8.259571e+00 
9.727500e-02 8.220579e+00 
9.852600e-02 8.172939e+00 
9.973800e-02 8.125861e+00 
1.009000e-01 8.080047e+00 
1.020900e-01 8.034833e+00 
1.034000e-01 7.987622e+00 
1.046000e-01 7.947223e+00 
1.057200e-01 7.916695e+00 
1.069100e-01 7.887382e+00 
1.082500e-01 7.864081e+00 
1.093900e-01 7.851206e+00 
1.105400e-01 7.842291e+00 
1.116900e-01 7.843590e+00 
1.129600e-01 7.848541e+00 
1.142000e-01 7.862388e+00 
1.153300e-01 7.878129e+00 
1.166400e-01 7.901299e+00 
1.177800e-01 7.924719e+00 
1.190000e-01 7.951382e+00 
1.201200e-01 7.976631e+00 
1.213400e-01 8.004352e+00 
1.227100e-01 8.032740e+00 
1.238900e-01 8.056102e+00 
1.250700e-01 8.075451e+00 
1.263200e-01 8.093822e+00 
1.275500e-01 8.107026e+00 
1.287500e-01 8.116978e+00 
1.299900e-01 8.122533e+00 
1.311300e-01 8.124763e+00 
1.323500e-01 8.122757e+00 
1.335900e-01 8.118157e+00 
1.347100e-01 8.110584e+00 
1.359800e-01 8.100354e+00 
1.372100e-01 8.087107e+00 
1.384300e-01 8.073142e+00 
1.395700e-01 8.058069e+00 
1.407700e-01 8.042127e+00 
1.420300e-01 8.024309e+00 
1.432800e-01 8.006671e+00 
1.444500e-01 7.991075e+00 
1.456300e-01 7.975377e+00 
1.468900e-01 7.960739e+00 
1.480500e-01 7.947913e+00 
1.491700e-01 7.937187e+00 
1.503800e-01 7.927727e+00 
1.516400e-01 7.918762e+00 
1.528200e-01 7.914239e+00 
1.540200e-01 7.909642e+00 
1.551900e-01 7.908885e+00 
1.564300e-01 7.908996e+00 
1.576600e-01 7.910843e+00 
1.588700e-01 7.914773e+00 
1.600900e-01 7.918868e+00 
1.612700e-01 7.925293e+00 
1.625400e-01 7.932213e+00 
1.637600e-01 7.939357e+00 
1.649500e-01 7.946622e+00 
1.662200e-01 7.954261e+00 
1.674000e-01 7.960682e+00 
1.685000e-01 7.966672e+00 
1.697500e-01 7.972346e+00 
1.710300e-01 7.977013e+00 
1.722200e-01 7.981355e+00 
1.734400e-01 7.982911e+00 
1.746400e-01 7.984321e+00 
1.758700e-01 7.984826e+00 
1.770900e-01 7.983394e+00 
1.782700e-01 7.982009e+00 
1.794600e-01 7.979286e+00 
1.807000e-01 7.975547e+00 
1.819100e-01 7.971901e+00 
1.830100e-01 7.967649e+00 
1.842200e-01 7.962813e+00 
1.855000e-01 7.957696e+00 
1.867000e-01 7.952823e+00 
1.879200e-01 7.947871e+00 
1.890900e-01 7.943265e+00 
1.902800e-01 7.939313e+00 
1.915200e-01 7.935198e+00 
1.926900e-01 7.931646e+00 
1.939000e-01 7.929054e+00 
1.951700e-01 7.926335e+00 
1.963100e-01 7.924337e+00 
1.975100e-01 7.923426e+00 
1.987800e-01 7.922462e+00 
2.000100e-01 7.921966e+00 
2.012500e-01 7.922494e+00 
2.023400e-01 7.922957e+00 
2.036100e-01 7.923729e+00 
2.048900e-01 7.925415e+00 
2.060400e-01 7.926930e+00 
2.072200e-01 7.928531e+00 
2.084200e-01 7.930721e+00 
2.096900e-01 7.933039e+00 
2.109200e-01 7.935285e+00 
2.121100e-01 7.937585e+00 
2.132700e-01 7.939835e+00 
2.145200e-01 7.942260e+00 
2.157200e-01 7.944522e+00 
2.168800e-01 7.946679e+00 
2.180700e-01 7.948893e+00 
2.193400e-01 7.951174e+00 
2.206000e-01 7.953287e+00 
2.217500e-01 7.955215e+00 
2.229500e-01 7.957228e+00 
2.241400e-01 7.959063e+00 
2.253500e-01 7.960926e+00 
2.264900e-01 7.962681e+00 
2.277100e-01 7.964513e+00 
2.289900e-01 7.966383e+00 
2.301500e-01 7.968078e+00 
2.313600e-01 7.969847e+00 
2.325600e-01 7.971719e+00 
2.337700e-01 7.973607e+00 
2.350000e-01 7.975526e+00 
2.362000e-01 7.977526e+00 
2.374100e-01 7.979694e+00 
2.386500e-01 7.981917e+00 
2.399100e-01 7.984176e+00 
2.410400e-01 7.986529e+00 
2.422500e-01 7.989092e+00 
2.435000e-01 7.991741e+00 
2.447300e-01 7.994423e+00 
2.458700e-01 7.997216e+00 
2.470600e-01 8.000131e+00 
2.483300e-01 8.003244e+00 
2.495600e-01 8.006447e+00 
2.507600e-01 8.009830e+00 
2.519600e-01 8.013215e+00 
2.532200e-01 8.016770e+00 
2.543700e-01 8.020200e+00 
2.555500e-01 8.023847e+00 
2.568000e-01 8.027711e+00 
2.580100e-01 8.031454e+00 
2.592400e-01 8.035429e+00 
2.604100e-01 8.039287e+00 
2.616100e-01 8.043245e+00 
2.628400e-01 8.047304e+00 
2.640600e-01 8.051442e+00 
2.652200e-01 8.055423e+00 
2.664300e-01 8.059577e+00 
2.676500e-01 8.063767e+00 
2.688400e-01 8.067899e+00 
2.700700e-01 8.072199e+00 
2.712400e-01 8.076291e+00 
2.724800e-01 8.080630e+00 
2.736700e-01 8.084744e+00 
2.748800e-01 8.088873e+00 
2.761000e-01 8.093039e+00 
2.773200e-01 8.097207e+00 
2.785400e-01 8.101353e+00 
2.797000e-01 8.105248e+00 
2.808900e-01 8.109245e+00 
2.821400e-01 8.113445e+00 
2.833900e-01 8.117643e+00 
2.845500e-01 8.121418e+00 
2.857800e-01 8.125422e+00 
2.870300e-01 8.129494e+00 
2.882100e-01 8.133340e+00 
2.893900e-01 8.137104e+00 
2.906300e-01 8.141015e+00 
2.918900e-01 8.144992e+00 
2.930500e-01 8.148655e+00 
2.942500e-01 8.152424e+00 
2.954200e-01 8.156032e+00 
2.966500e-01 8.159827e+00 
2.978900e-01 8.163654e+00 
2.990400e-01 8.167206e+00 
3.002700e-01 8.170971e+00 
3.015100e-01 8.174752e+00 
3.026800e-01 8.178322e+00 
3.038500e-01 8.181892e+00 
3.050300e-01 8.185495e+00 
3.062600e-01 8.189238e+00 
3.075000e-01 8.193013e+00 
3.087000e-01 8.196668e+00 
3.099100e-01 8.200355e+00 
3.111200e-01 8.204067e+00 
3.123100e-01 8.207757e+00 
3.135300e-01 8.211543e+00 
3.147300e-01 8.215269e+00 
3.159900e-01 8.219182e+00 
3.171800e-01 8.222934e+00 
3.183700e-01 8.226723e+00 
3.196300e-01 8.230737e+00 
3.208400e-01 8.234594e+00 
3.220300e-01 8.238389e+00 
3.232000e-01 8.242248e+00 
3.244300e-01 8.246356e+00 
3.256700e-01 8.250501e+00 
3.269200e-01 8.254681e+00 
3.280800e-01 8.258562e+00 
3.292500e-01 8.262613e+00 
3.304800e-01 8.266917e+00 
3.317100e-01 8.271223e+00 
3.328900e-01 8.275357e+00 
3.340700e-01 8.279492e+00 
3.353600e-01 8.284197e+00 
3.365300e-01 8.288535e+00 
3.377100e-01 8.292912e+00 
3.389200e-01 8.297403e+00 
3.401600e-01 8.302008e+00 
3.413700e-01 8.306640e+00 
3.425300e-01 8.311177e+00 
3.437700e-01 8.316030e+00 
3.449800e-01 8.320768e+00 
3.461800e-01 8.325469e+00 
3.473600e-01 8.330170e+00 
3.485800e-01 8.335217e+00 
3.498100e-01 8.340308e+00 
3.510200e-01 8.345319e+00 
3.522000e-01 8.350209e+00 
3.533900e-01 8.355144e+00 
3.546400e-01 8.360599e+00 
3.558400e-01 8.365856e+00 
3.570600e-01 8.371203e+00 
3.582700e-01 8.376510e+00 
3.595000e-01 8.381908e+00 
3.607100e-01 8.387350e+00 
3.618900e-01 8.392762e+00 
3.631200e-01 8.398407e+00 
3.643200e-01 8.403918e+00 
3.655500e-01 8.409570e+00 
3.667300e-01 8.414997e+00 
3.679500e-01 8.420944e+00 
3.691900e-01 8.426994e+00 
3.703600e-01 8.432706e+00 
3.715700e-01 8.438618e+00 
3.727700e-01 8.444484e+00 
3.739900e-01 8.450499e+00 
3.752000e-01 8.456552e+00 
3.763900e-01 8.462509e+00 
3.775800e-01 8.468470e+00 
3.788200e-01 8.474686e+00 
3.800300e-01 8.480757e+00 
3.812100e-01 8.486661e+00 
3.824200e-01 8.492707e+00 
3.836100e-01 8.498657e+00 
3.848600e-01 8.504912e+00 
3.860400e-01 8.510820e+00 
3.872400e-01 8.516833e+00 
3.884600e-01 8.523277e+00 
3.896500e-01 8.529691e+00 
3.908700e-01 8.536272e+00 
3.920600e-01 8.542696e+00 
3.933100e-01 8.549448e+00 
3.945300e-01 8.556044e+00 
3.957200e-01 8.562456e+00 
3.969300e-01 8.568973e+00 
3.981700e-01 8.575657e+00 
3.993500e-01 8.582022e+00 
4.094840e-01 8.636413e+00 
4.272360e-01 8.736007e+00 
4.454600e-01 8.837841e+00 
4.630560e-01 8.935279e+00 
4.804610e-01 9.030217e+00 
4.980690e-01 9.125751e+00 
5.159230e-01 9.221437e+00 
5.317440e-01 9.306549e+00 
5.489640e-01 9.397825e+00 
5.671990e-01 9.494127e+00 
5.838690e-01 9.582966e+00 
6.018840e-01 9.680217e+00 
6.202330e-01 9.780897e+00 
6.379250e-01 9.877321e+00 
6.545410e-01 9.969584e+00 
6.714560e-01 1.006424e+01 
6.892080e-01 1.016411e+01 
7.066010e-01 1.026142e+01 
7.240540e-01 1.035999e+01 
7.420450e-01 1.046354e+01 
7.593780e-01 1.056112e+01 
7.764720e-01 1.065796e+01 
7.942840e-01 1.075924e+01 
8.116170e-01 1.085536e+01 
8.288310e-01 1.095152e+01 
8.462240e-01 1.104631e+01 
8.631980e-01 1.113814e+01 
8.810700e-01 1.123406e+01 
8.989410e-01 1.132915e+01 
9.166330e-01 1.142113e+01 
9.345640e-01 1.151140e+01 
9.515980e-01 1.159575e+01 
9.688720e-01 1.168045e+01 
9.865640e-01 1.176492e+01 
1.031870e+00 1.197135e+01 
1.063490e+00 1.210773e+01 
1.097920e+00 1.224804e+01 
1.134370e+00 1.238950e+01 
1.167730e+00 1.250900e+01 
1.203830e+00 1.263169e+01 
1.240470e+00 1.274782e+01 
1.275790e+00 1.285017e+01 
1.309140e+00 1.294174e+01 
1.342970e+00 1.302549e+01 
1.378420e+00 1.310920e+01 
1.413200e+00 1.318335e+01 
1.448110e+00 1.325178e+01 
1.484090e+00 1.331702e+01 
1.518820e+00 1.337395e+01 
1.552880e+00 1.342314e+01 
1.588630e+00 1.347091e+01 
1.623230e+00 1.351275e+01 
1.657720e+00 1.354974e+01 
1.692450e+00 1.358551e+01 
1.726400e+00 1.361297e+01 
1.762200e+00 1.363759e+01 
1.797880e+00 1.365920e+01 
1.833270e+00 1.367740e+01 
1.869070e+00 1.369185e+01 
1.903200e+00 1.370369e+01 
1.937740e+00 1.371245e+01 
1.973190e+00 1.371821e+01 
2.007440e+00 1.372111e+01 
2.042160e+00 1.372178e+01 
2.077900e+00 1.371931e+01 
2.112390e+00 1.371684e+01 
2.146220e+00 1.370909e+01 
2.181600e+00 1.370111e+01 
2.216930e+00 1.369125e+01 
2.250760e+00 1.367938e+01 
2.286500e+00 1.366476e+01 
2.321770e+00 1.364904e+01 
2.355950e+00 1.363256e+01 
2.391280e+00 1.361285e+01 
2.426240e+00 1.359283e+01 
2.460670e+00 1.357159e+01 
2.495640e+00 1.354777e+01 
2.531080e+00 1.352407e+01 
2.566220e+00 1.349858e+01 
2.600830e+00 1.347244e+01 
2.635080e+00 1.344595e+01 
2.670340e+00 1.341633e+01 
2.705970e+00 1.338681e+01 
2.740040e+00 1.335826e+01 
2.774520e+00 1.332689e+01 
2.809730e+00 1.329489e+01 
2.844390e+00 1.326309e+01 
2.879960e+00 1.322934e+01 
2.914860e+00 1.319532e+01 
2.949410e+00 1.316138e+01 
2.984440e+00 1.312700e+01 
3.019760e+00 1.309110e+01 
3.054730e+00 1.305487e+01 
3.089030e+00 1.301900e+01 
3.124060e+00 1.298222e+01 
3.159560e+00 1.294468e+01 
3.194710e+00 1.290725e+01 
3.229010e+00 1.287060e+01 
3.263320e+00 1.283242e+01 
3.297930e+00 1.279406e+01 
3.332830e+00 1.275559e+01 
3.368040e+00 1.271636e+01 
3.403300e+00 1.267678e+01 
3.438450e+00 1.263666e+01 
3.473060e+00 1.259709e+01 
3.508440e+00 1.255746e+01 
3.543110e+00 1.251858e+01 
3.577470e+00 1.247911e+01 
3.613040e+00 1.243853e+01 
3.648120e+00 1.239910e+01 
3.682910e+00 1.235951e+01 
3.718050e+00 1.231849e+01 
3.753320e+00 1.227794e+01 
3.787980e+00 1.223895e+01 
3.822290e+00 1.220001e+01 
3.857020e+00 1.216000e+01 
3.891920e+00 1.211986e+01 
3.926650e+00 1.207993e+01 
3.961970e+00 1.203939e+01 
3.997360e+00 1.199877e+01 
4.031670e+00 1.195958e+01 
4.066330e+00 1.192038e+01 
4.101420e+00 1.188081e+01 
4.136200e+00 1.184145e+01 
4.170810e+00 1.180242e+01 
4.206250e+00 1.176286e+01 
4.241580e+00 1.172360e+01 
4.276300e+00 1.168489e+01 
4.310970e+00 1.164623e+01 
4.346120e+00 1.160734e+01 
4.380600e+00 1.156962e+01 
4.414730e+00 1.153240e+01 
4.450350e+00 1.149332e+01 
4.485320e+00 1.145508e+01 
4.519810e+00 1.141783e+01 
4.555430e+00 1.137964e+01 
4.590870e+00 1.134191e+01 
4.625480e+00 1.130548e+01 
4.659910e+00 1.126935e+01 
4.695230e+00 1.123221e+01 
4.729960e+00 1.119578e+01 
4.764450e+00 1.115963e+01 
4.799530e+00 1.112284e+01 
4.834910e+00 1.108587e+01 
4.869700e+00 1.105062e+01 
4.904370e+00 1.101578e+01 
4.939450e+00 1.098058e+01 
4.973940e+00 1.094595e+01 
5.008430e+00 1.091143e+01 
5.043810e+00 1.087604e+01 
5.078840e+00 1.084105e+01 
5.113500e+00 1.080654e+01 
5.148890e+00 1.077249e+01 
5.184210e+00 1.073867e+01 
5.219060e+00 1.070520e+01 
5.253660e+00 1.067154e+01 
5.288570e+00 1.063768e+01 
5.323420e+00 1.060450e+01 
5.358440e+00 1.057185e+01 
5.393590e+00 1.053918e+01 
5.428310e+00 1.050696e+01 
5.462800e+00 1.047501e+01 
5.497640e+00 1.044284e+01 
5.532670e+00 1.041139e+01 
5.567280e+00 1.038067e+01 
5.602000e+00 1.034994e+01 
5.637270e+00 1.031828e+01 
5.672410e+00 1.028671e+01 
5.707020e+00 1.025571e+01 
5.742040e+00 1.022532e+01 
5.777430e+00 1.019488e+01 
5.812210e+00 1.016505e+01 
5.846820e+00 1.013538e+01 
5.881610e+00 1.010562e+01 
5.916510e+00 1.007585e+01 
5.951600e+00 1.004637e+01 
5.986560e+00 1.001725e+01 
6.021830e+00 9.987955e+00 
6.056490e+00 9.959491e+00 
6.091160e+00 9.931306e+00 
6.125830e+00 9.903200e+00 
6.161090e+00 9.874680e+00 
6.195760e+00 9.846682e+00 
6.230420e+00 9.818770e+00 
6.265690e+00 9.790468e+00 
6.300950e+00 9.762756e+00 
6.335620e+00 9.735583e+00 
6.370880e+00 9.708026e+00 
6.405550e+00 9.681290e+00 
6.440220e+00 9.654743e+00 
6.475480e+00 9.627819e+00 
6.510150e+00 9.601561e+00 
6.544810e+00 9.575709e+00 
6.580080e+00 9.549473e+00 
6.614750e+00 9.523753e+00 
6.649410e+00 9.498108e+00 
6.684080e+00 9.472524e+00 
6.719340e+00 9.446575e+00 
6.754010e+00 9.421254e+00 
6.788680e+00 9.396294e+00 
6.823940e+00 9.370977e+00 
6.859800e+00 9.345299e+00 
6.894470e+00 9.320848e+00 
6.929140e+00 9.296572e+00 
6.963800e+00 9.272367e+00 
6.999070e+00 9.247801e+00 
7.033730e+00 9.223743e+00 
7.068400e+00 9.199741e+00 
7.103660e+00 9.175394e+00 
7.138330e+00 9.151777e+00 
7.173600e+00 9.128357e+00 
7.208260e+00 9.105400e+00 
7.243530e+00 9.082099e+00 
7.277600e+00 9.059456e+00 
7.312860e+00 9.035907e+00 
7.348120e+00 9.012419e+00 
7.382790e+00 8.989384e+00 
7.417460e+00 8.966908e+00 
7.452720e+00 8.944369e+00 
7.487390e+00 8.922263e+00 
7.522650e+00 8.899836e+00 
7.557320e+00 8.877866e+00 
7.591990e+00 8.855960e+00 
7.627250e+00 8.833736e+00 
7.662510e+00 8.811568e+00 
7.697180e+00 8.790095e+00 
7.731850e+00 8.768779e+00 
7.766510e+00 8.747521e+00 
7.801180e+00 8.726309e+00 
7.836440e+00 8.704804e+00 
7.871110e+00 8.683721e+00 
7.906380e+00 8.662326e+00 
7.941040e+00 8.641352e+00 
7.976310e+00 8.620238e+00 
8.011570e+00 8.599394e+00 
8.046240e+00 8.578947e+00 
8.080900e+00 8.558556e+00 
8.115570e+00 8.538251e+00 
8.150830e+00 8.517824e+00 
8.185500e+00 8.497786e+00 
8.220770e+00 8.477449e+00 
8.255430e+00 8.457512e+00 
8.290100e+00 8.437804e+00 
8.324770e+00 8.418165e+00 
8.359430e+00 8.398577e+00 
8.394700e+00 8.378691e+00 
8.429960e+00 8.358971e+00 
8.464630e+00 8.339741e+00 
8.499890e+00 8.320229e+00 
8.534560e+00 8.301089e+00 
8.569200e+00 8.282009e+00 
