# Parameters:
# omega_b = 0.022500, omega_m = 0.137500, n_s = 0.950000, h = 69.033203, w = -1.000000,sigma_8 = 0.755000
# z = 0.460000
#
# k[1/Mpc] # Delta^2 / k^1.5:
8.694000e-04 1.262305e-02 
2.077466e-03 9.828452e-02 
3.285532e-03 2.743142e-01 
4.493598e-03 5.341759e-01 
5.701664e-03 8.629468e-01 
6.909730e-03 1.243275e+00 
8.117797e-03 1.660284e+00 
9.325863e-03 2.097411e+00 
1.053393e-02 2.540092e+00 
1.174199e-02 2.976129e+00 
1.295006e-02 3.393135e+00 
1.415813e-02 3.783838e+00 
1.536619e-02 4.143281e+00 
1.657426e-02 4.467001e+00 
1.778233e-02 4.752561e+00 
1.899039e-02 5.004107e+00 
2.019846e-02 5.224014e+00 
2.140652e-02 5.416543e+00 
2.261459e-02 5.585019e+00 
2.382266e-02 5.735082e+00 
2.503072e-02 5.872354e+00 
2.623879e-02 6.001177e+00 
2.744685e-02 6.125471e+00 
2.865492e-02 6.249284e+00 
2.986299e-02 6.375430e+00 
3.100100e-02 6.499221e+00 
3.220400e-02 6.636860e+00 
3.288100e-02 6.718316e+00 
3.424300e-02 6.890820e+00 
3.555100e-02 7.066083e+00 
3.686000e-02 7.250780e+00 
3.795000e-02 7.409977e+00 
3.929100e-02 7.611831e+00 
4.039800e-02 7.779867e+00 
4.164000e-02 7.967397e+00 
4.294400e-02 8.157522e+00 
4.415000e-02 8.325914e+00 
4.542900e-02 8.488916e+00 
4.660900e-02 8.626491e+00 
4.782300e-02 8.744740e+00 
4.892900e-02 8.836402e+00 
5.031200e-02 8.924602e+00 
5.155900e-02 8.977044e+00 
5.238100e-02 8.998637e+00 
5.378200e-02 9.013447e+00 
5.513400e-02 9.001907e+00 
5.627600e-02 8.975097e+00 
5.735300e-02 8.938958e+00 
5.870100e-02 8.882534e+00 
5.988700e-02 8.826905e+00 
6.113500e-02 8.765435e+00 
6.225900e-02 8.710785e+00 
6.340100e-02 8.658997e+00 
6.480200e-02 8.602506e+00 
6.601100e-02 8.564485e+00 
6.725500e-02 8.537094e+00 
6.829100e-02 8.526258e+00 
6.958600e-02 8.524404e+00 
7.071100e-02 8.536285e+00 
7.192300e-02 8.561521e+00 
7.307400e-02 8.596786e+00 
7.412300e-02 8.637639e+00 
7.550400e-02 8.704159e+00 
7.663100e-02 8.765293e+00 
7.791200e-02 8.843044e+00 
7.912700e-02 8.920800e+00 
8.027600e-02 8.994964e+00 
8.138400e-02 9.065545e+00 
8.272200e-02 9.147362e+00 
8.406100e-02 9.222935e+00 
8.534100e-02 9.284600e+00 
8.653800e-02 9.331316e+00 
8.759800e-02 9.364932e+00 
8.900300e-02 9.396372e+00 
9.009000e-02 9.409069e+00 
9.113300e-02 9.410882e+00 
9.239600e-02 9.404116e+00 
9.358000e-02 9.387096e+00 
9.496100e-02 9.354028e+00 
9.608400e-02 9.320975e+00 
9.727500e-02 9.281362e+00 
9.852600e-02 9.232615e+00 
9.973800e-02 9.184436e+00 
1.009000e-01 9.137545e+00 
1.020900e-01 9.091423e+00 
1.034000e-01 9.043381e+00 
1.046000e-01 9.002416e+00 
1.057200e-01 8.971808e+00 
1.069100e-01 8.942567e+00 
1.082500e-01 8.919842e+00 
1.093900e-01 8.907788e+00 
1.105400e-01 8.899898e+00 
1.116900e-01 8.902626e+00 
1.129600e-01 8.909293e+00 
1.142000e-01 8.925156e+00 
1.153300e-01 8.942812e+00 
1.166400e-01 8.968326e+00 
1.177800e-01 8.993886e+00 
1.190000e-01 9.022889e+00 
1.201200e-01 9.050238e+00 
1.213400e-01 9.080240e+00 
1.227100e-01 9.111085e+00 
1.238900e-01 9.136533e+00 
1.250700e-01 9.157847e+00 
1.263200e-01 9.178263e+00 
1.275500e-01 9.193392e+00 
1.287500e-01 9.205178e+00 
1.299900e-01 9.212554e+00 
1.311300e-01 9.216440e+00 
1.323500e-01 9.216174e+00 
1.335900e-01 9.213368e+00 
1.347100e-01 9.207446e+00 
1.359800e-01 9.199102e+00 
1.372100e-01 9.187715e+00 
1.384300e-01 9.175610e+00 
1.395700e-01 9.162320e+00 
1.407700e-01 9.148247e+00 
1.420300e-01 9.132401e+00 
1.432800e-01 9.116707e+00 
1.444500e-01 9.103012e+00 
1.456300e-01 9.089220e+00 
1.468900e-01 9.076541e+00 
1.480500e-01 9.065492e+00 
1.491700e-01 9.056435e+00 
1.503800e-01 9.048724e+00 
1.516400e-01 9.041550e+00 
1.528200e-01 9.038588e+00 
1.540200e-01 9.035577e+00 
1.551900e-01 9.036257e+00 
1.564300e-01 9.037865e+00 
1.576600e-01 9.041138e+00 
1.588700e-01 9.046402e+00 
1.600900e-01 9.051842e+00 
1.612700e-01 9.059527e+00 
1.625400e-01 9.067806e+00 
1.637600e-01 9.076276e+00 
1.649500e-01 9.084847e+00 
1.662200e-01 9.093903e+00 
1.674000e-01 9.101762e+00 
1.685000e-01 9.109094e+00 
1.697500e-01 9.116386e+00 
1.710300e-01 9.122802e+00 
1.722200e-01 9.128770e+00 
1.734400e-01 9.132223e+00 
1.746400e-01 9.135507e+00 
1.758700e-01 9.137996e+00 
1.770900e-01 9.138654e+00 
1.782700e-01 9.139291e+00 
1.794600e-01 9.138695e+00 
1.807000e-01 9.137232e+00 
1.819100e-01 9.135805e+00 
1.830100e-01 9.133622e+00 
1.842200e-01 9.131069e+00 
1.855000e-01 9.128364e+00 
1.867000e-01 9.125737e+00 
1.879200e-01 9.123066e+00 
1.890900e-01 9.120634e+00 
1.902800e-01 9.118833e+00 
1.915200e-01 9.116957e+00 
1.926900e-01 9.115490e+00 
1.939000e-01 9.114969e+00 
1.951700e-01 9.114421e+00 
1.963100e-01 9.114349e+00 
1.975100e-01 9.115403e+00 
1.987800e-01 9.116518e+00 
2.000100e-01 9.118017e+00 
2.012500e-01 9.120506e+00 
2.023400e-01 9.122696e+00 
2.036100e-01 9.125472e+00 
2.048900e-01 9.129155e+00 
2.060400e-01 9.132465e+00 
2.072200e-01 9.135909e+00 
2.084200e-01 9.139989e+00 
2.096900e-01 9.144310e+00 
2.109200e-01 9.148496e+00 
2.121100e-01 9.152743e+00 
2.132700e-01 9.156894e+00 
2.145200e-01 9.161371e+00 
2.157200e-01 9.165666e+00 
2.168800e-01 9.169818e+00 
2.180700e-01 9.174079e+00 
2.193400e-01 9.178600e+00 
2.206000e-01 9.183033e+00 
2.217500e-01 9.187081e+00 
2.229500e-01 9.191307e+00 
2.241400e-01 9.195498e+00 
2.253500e-01 9.199762e+00 
2.264900e-01 9.203780e+00 
2.277100e-01 9.208101e+00 
2.289900e-01 9.212658e+00 
2.301500e-01 9.216789e+00 
2.313600e-01 9.221103e+00 
2.325600e-01 9.225648e+00 
2.337700e-01 9.230234e+00 
2.350000e-01 9.234897e+00 
2.362000e-01 9.239645e+00 
2.374100e-01 9.244666e+00 
2.386500e-01 9.249815e+00 
2.399100e-01 9.255050e+00 
2.410400e-01 9.260147e+00 
2.422500e-01 9.265660e+00 
2.435000e-01 9.271358e+00 
2.447300e-01 9.277055e+00 
2.458700e-01 9.282687e+00 
2.470600e-01 9.288569e+00 
2.483300e-01 9.294852e+00 
2.495600e-01 9.301142e+00 
2.507600e-01 9.307560e+00 
2.519600e-01 9.313982e+00 
2.532200e-01 9.320731e+00 
2.543700e-01 9.327055e+00 
2.555500e-01 9.333659e+00 
2.568000e-01 9.340660e+00 
2.580100e-01 9.347441e+00 
2.592400e-01 9.354464e+00 
2.604100e-01 9.361204e+00 
2.616100e-01 9.368121e+00 
2.628400e-01 9.375217e+00 
2.640600e-01 9.382301e+00 
2.652200e-01 9.389057e+00 
2.664300e-01 9.396110e+00 
2.676500e-01 9.403227e+00 
2.688400e-01 9.410154e+00 
2.700700e-01 9.417308e+00 
2.712400e-01 9.424118e+00 
2.724800e-01 9.431340e+00 
2.736700e-01 9.438159e+00 
2.748800e-01 9.444975e+00 
2.761000e-01 9.451853e+00 
2.773200e-01 9.458736e+00 
2.785400e-01 9.465573e+00 
2.797000e-01 9.471973e+00 
2.808900e-01 9.478543e+00 
2.821400e-01 9.485448e+00 
2.833900e-01 9.492350e+00 
2.845500e-01 9.498571e+00 
2.857800e-01 9.505171e+00 
2.870300e-01 9.511883e+00 
2.882100e-01 9.518224e+00 
2.893900e-01 9.524441e+00 
2.906300e-01 9.530909e+00 
2.918900e-01 9.537486e+00 
2.930500e-01 9.543545e+00 
2.942500e-01 9.549790e+00 
2.954200e-01 9.555796e+00 
2.966500e-01 9.562113e+00 
2.978900e-01 9.568487e+00 
2.990400e-01 9.574401e+00 
3.002700e-01 9.580682e+00 
3.015100e-01 9.586994e+00 
3.026800e-01 9.592954e+00 
3.038500e-01 9.598917e+00 
3.050300e-01 9.604935e+00 
3.062600e-01 9.611192e+00 
3.075000e-01 9.617504e+00 
3.087000e-01 9.623617e+00 
3.099100e-01 9.629785e+00 
3.111200e-01 9.635981e+00 
3.123100e-01 9.642121e+00 
3.135300e-01 9.648419e+00 
3.147300e-01 9.654619e+00 
3.159900e-01 9.661133e+00 
3.171800e-01 9.667351e+00 
3.183700e-01 9.673615e+00 
3.196300e-01 9.680251e+00 
3.208400e-01 9.686628e+00 
3.220300e-01 9.692904e+00 
3.232000e-01 9.699217e+00 
3.244300e-01 9.705912e+00 
3.256700e-01 9.712667e+00 
3.269200e-01 9.719480e+00 
3.280800e-01 9.725808e+00 
3.292500e-01 9.732343e+00 
3.304800e-01 9.739266e+00 
3.317100e-01 9.746194e+00 
3.328900e-01 9.752844e+00 
3.340700e-01 9.759500e+00 
3.353600e-01 9.766974e+00 
3.365300e-01 9.773830e+00 
3.377100e-01 9.780751e+00 
3.389200e-01 9.787852e+00 
3.401600e-01 9.795135e+00 
3.413700e-01 9.802390e+00 
3.425300e-01 9.809450e+00 
3.437700e-01 9.817002e+00 
3.449800e-01 9.824378e+00 
3.461800e-01 9.831698e+00 
3.473600e-01 9.838976e+00 
3.485800e-01 9.846690e+00 
3.498100e-01 9.854473e+00 
3.510200e-01 9.862136e+00 
3.522000e-01 9.869615e+00 
3.533900e-01 9.877163e+00 
3.546400e-01 9.885383e+00 
3.558400e-01 9.893297e+00 
3.570600e-01 9.901350e+00 
3.582700e-01 9.909343e+00 
3.595000e-01 9.917474e+00 
3.607100e-01 9.925612e+00 
3.618900e-01 9.933657e+00 
3.631200e-01 9.942050e+00 
3.643200e-01 9.950246e+00 
3.655500e-01 9.958653e+00 
3.667300e-01 9.966725e+00 
3.679500e-01 9.975442e+00 
3.691900e-01 9.984310e+00 
3.703600e-01 9.992684e+00 
3.715700e-01 1.000135e+01 
3.727700e-01 1.000996e+01 
3.739900e-01 1.001874e+01 
3.752000e-01 1.002752e+01 
3.763900e-01 1.003616e+01 
3.775800e-01 1.004481e+01 
3.788200e-01 1.005383e+01 
3.800300e-01 1.006264e+01 
3.812100e-01 1.007116e+01 
3.824200e-01 1.007983e+01 
3.836100e-01 1.008837e+01 
3.848600e-01 1.009735e+01 
3.860400e-01 1.010583e+01 
3.872400e-01 1.011446e+01 
3.884600e-01 1.012365e+01 
3.896500e-01 1.013278e+01 
3.908700e-01 1.014215e+01 
3.920600e-01 1.015129e+01 
3.933100e-01 1.016091e+01 
3.945300e-01 1.017030e+01 
3.957200e-01 1.017937e+01 
3.969300e-01 1.018856e+01 
3.981700e-01 1.019800e+01 
3.993500e-01 1.020698e+01 
4.094840e-01 1.028349e+01 
4.272360e-01 1.042216e+01 
4.454600e-01 1.056309e+01 
4.630560e-01 1.069729e+01 
4.804610e-01 1.082767e+01 
4.980690e-01 1.095876e+01 
5.159230e-01 1.108994e+01 
5.317440e-01 1.120666e+01 
5.489640e-01 1.133139e+01 
5.671990e-01 1.146253e+01 
5.838690e-01 1.158316e+01 
6.018840e-01 1.171478e+01 
6.202330e-01 1.185012e+01 
6.379250e-01 1.197922e+01 
6.545410e-01 1.210174e+01 
6.714560e-01 1.222699e+01 
6.892080e-01 1.235809e+01 
7.066010e-01 1.248475e+01 
7.240540e-01 1.261254e+01 
7.420450e-01 1.274609e+01 
7.593780e-01 1.287059e+01 
7.764720e-01 1.299368e+01 
7.942840e-01 1.312186e+01 
8.116170e-01 1.324218e+01 
8.288310e-01 1.336204e+01 
8.462240e-01 1.347927e+01 
8.631980e-01 1.359225e+01 
8.810700e-01 1.370971e+01 
8.989410e-01 1.382566e+01 
9.166330e-01 1.393694e+01 
9.345640e-01 1.404516e+01 
9.515980e-01 1.414579e+01 
9.688720e-01 1.424654e+01 
9.865640e-01 1.434634e+01 
1.031870e+00 1.458743e+01 
1.063490e+00 1.474506e+01 
1.097920e+00 1.490446e+01 
1.134370e+00 1.506467e+01 
1.167730e+00 1.519724e+01 
1.203830e+00 1.533229e+01 
1.240470e+00 1.545819e+01 
1.275790e+00 1.556728e+01 
1.309140e+00 1.566384e+01 
1.342970e+00 1.575042e+01 
1.378420e+00 1.583615e+01 
1.413200e+00 1.590996e+01 
1.448110e+00 1.597723e+01 
1.484090e+00 1.603972e+01 
1.518820e+00 1.609345e+01 
1.552880e+00 1.613708e+01 
1.588630e+00 1.617938e+01 
1.623230e+00 1.621470e+01 
1.657720e+00 1.624447e+01 
1.692450e+00 1.627277e+01 
1.726400e+00 1.629165e+01 
1.762200e+00 1.630661e+01 
1.797880e+00 1.631799e+01 
1.833270e+00 1.632616e+01 
1.869070e+00 1.632933e+01 
1.903200e+00 1.633067e+01 
1.937740e+00 1.632843e+01 
1.973190e+00 1.632258e+01 
2.007440e+00 1.631384e+01 
2.042160e+00 1.630215e+01 
2.077900e+00 1.628710e+01 
2.112390e+00 1.627275e+01 
2.146220e+00 1.625261e+01 
2.181600e+00 1.623192e+01 
2.216930e+00 1.620929e+01 
2.250760e+00 1.618524e+01 
2.286500e+00 1.615764e+01 
2.321770e+00 1.612872e+01 
2.355950e+00 1.609900e+01 
2.391280e+00 1.606584e+01 
2.426240e+00 1.603304e+01 
2.460670e+00 1.599910e+01 
2.495640e+00 1.596189e+01 
2.531080e+00 1.592495e+01 
2.566220e+00 1.588656e+01 
2.600830e+00 1.584764e+01 
2.635080e+00 1.580829e+01 
2.670340e+00 1.576573e+01 
2.705970e+00 1.572341e+01 
2.740040e+00 1.568262e+01 
2.774520e+00 1.563828e+01 
2.809730e+00 1.559356e+01 
2.844390e+00 1.554944e+01 
2.879960e+00 1.550306e+01 
2.914860e+00 1.545668e+01 
2.949410e+00 1.541066e+01 
2.984440e+00 1.536454e+01 
3.019760e+00 1.531626e+01 
3.054730e+00 1.526754e+01 
3.089030e+00 1.522027e+01 
3.124060e+00 1.517179e+01 
3.159560e+00 1.512228e+01 
3.194710e+00 1.507366e+01 
3.229010e+00 1.502626e+01 
3.263320e+00 1.497663e+01 
3.297930e+00 1.492696e+01 
3.332830e+00 1.487749e+01 
3.368040e+00 1.482720e+01 
3.403300e+00 1.477661e+01 
3.438450e+00 1.472556e+01 
3.473060e+00 1.467528e+01 
3.508440e+00 1.462502e+01 
3.543110e+00 1.457581e+01 
3.577470e+00 1.452634e+01 
3.613040e+00 1.447554e+01 
3.648120e+00 1.442624e+01 
3.682910e+00 1.437676e+01 
3.718050e+00 1.432550e+01 
3.753320e+00 1.427508e+01 
3.787980e+00 1.422697e+01 
3.822290e+00 1.417880e+01 
3.857020e+00 1.412911e+01 
3.891920e+00 1.407951e+01 
3.926650e+00 1.403061e+01 
3.961970e+00 1.398094e+01 
3.997360e+00 1.393108e+01 
4.031670e+00 1.388305e+01 
4.066330e+00 1.383529e+01 
4.101420e+00 1.378708e+01 
4.136200e+00 1.373905e+01 
4.170810e+00 1.369141e+01 
4.206250e+00 1.364343e+01 
4.241580e+00 1.359589e+01 
4.276300e+00 1.354903e+01 
4.310970e+00 1.350224e+01 
4.346120e+00 1.345526e+01 
4.380600e+00 1.340982e+01 
4.414730e+00 1.336498e+01 
4.450350e+00 1.331794e+01 
4.485320e+00 1.327192e+01 
4.519810e+00 1.322723e+01 
4.555430e+00 1.318148e+01 
4.590870e+00 1.313632e+01 
4.625480e+00 1.309283e+01 
4.659910e+00 1.304970e+01 
4.695230e+00 1.300536e+01 
4.729960e+00 1.296188e+01 
4.764450e+00 1.291873e+01 
4.799530e+00 1.287480e+01 
4.834910e+00 1.283064e+01 
4.869700e+00 1.278882e+01 
4.904370e+00 1.274752e+01 
4.939450e+00 1.270579e+01 
4.973940e+00 1.266470e+01 
5.008430e+00 1.262375e+01 
5.043810e+00 1.258173e+01 
5.078840e+00 1.254018e+01 
5.113500e+00 1.249919e+01 
5.148890e+00 1.245902e+01 
5.184210e+00 1.241913e+01 
5.219060e+00 1.237961e+01 
5.253660e+00 1.233969e+01 
5.288570e+00 1.229954e+01 
5.323420e+00 1.226031e+01 
5.358440e+00 1.222184e+01 
5.393590e+00 1.218335e+01 
5.428310e+00 1.214534e+01 
5.462800e+00 1.210763e+01 
5.497640e+00 1.206967e+01 
5.532670e+00 1.203271e+01 
5.567280e+00 1.199666e+01 
5.602000e+00 1.196060e+01 
5.637270e+00 1.192327e+01 
5.672410e+00 1.188602e+01 
5.707020e+00 1.184944e+01 
5.742040e+00 1.181372e+01 
5.777430e+00 1.177799e+01 
5.812210e+00 1.174298e+01 
5.846820e+00 1.170810e+01 
5.881610e+00 1.167310e+01 
5.916510e+00 1.163809e+01 
5.951600e+00 1.160345e+01 
5.986560e+00 1.156923e+01 
6.021830e+00 1.153481e+01 
6.056490e+00 1.150139e+01 
6.091160e+00 1.146832e+01 
6.125830e+00 1.143534e+01 
6.161090e+00 1.140186e+01 
6.195760e+00 1.136892e+01 
6.230420e+00 1.133609e+01 
6.265690e+00 1.130280e+01 
6.300950e+00 1.127022e+01 
6.335620e+00 1.123828e+01 
6.370880e+00 1.120589e+01 
6.405550e+00 1.117449e+01 
6.440220e+00 1.114333e+01 
6.475480e+00 1.111172e+01 
6.510150e+00 1.108090e+01 
6.544810e+00 1.105056e+01 
6.580080e+00 1.101978e+01 
6.614750e+00 1.098960e+01 
6.649410e+00 1.095944e+01 
6.684080e+00 1.092934e+01 
6.719340e+00 1.089882e+01 
6.754010e+00 1.086903e+01 
6.788680e+00 1.083968e+01 
6.823940e+00 1.080991e+01 
6.859800e+00 1.077972e+01 
6.894470e+00 1.075098e+01 
6.929140e+00 1.072246e+01 
6.963800e+00 1.069403e+01 
6.999070e+00 1.066516e+01 
7.033730e+00 1.063680e+01 
7.068400e+00 1.060850e+01 
7.103660e+00 1.057979e+01 
7.138330e+00 1.055199e+01 
7.173600e+00 1.052450e+01 
7.208260e+00 1.049755e+01 
7.243530e+00 1.047020e+01 
7.277600e+00 1.044352e+01 
7.312860e+00 1.041569e+01 
7.348120e+00 1.038794e+01 
7.382790e+00 1.036072e+01 
7.417460e+00 1.033422e+01 
7.452720e+00 1.030769e+01 
7.487390e+00 1.028167e+01 
7.522650e+00 1.025527e+01 
7.557320e+00 1.022934e+01 
7.591990e+00 1.020347e+01 
7.627250e+00 1.017722e+01 
7.662510e+00 1.015105e+01 
7.697180e+00 1.012569e+01 
7.731850e+00 1.010053e+01 
7.766510e+00 1.007543e+01 
7.801180e+00 1.005039e+01 
7.836440e+00 1.002496e+01 
7.871110e+00 1.000000e+01 
7.906380e+00 9.974676e+00 
7.941040e+00 9.949850e+00 
7.976310e+00 9.924863e+00 
8.011570e+00 9.900201e+00 
8.046240e+00 9.876012e+00 
8.080900e+00 9.851888e+00 
8.115570e+00 9.827861e+00 
8.150830e+00 9.803651e+00 
8.185500e+00 9.779904e+00 
8.220770e+00 9.755806e+00 
8.255430e+00 9.732182e+00 
8.290100e+00 9.708813e+00 
8.324770e+00 9.685524e+00 
8.359430e+00 9.662298e+00 
8.394700e+00 9.638719e+00 
8.429960e+00 9.615324e+00 
8.464630e+00 9.592497e+00 
8.499890e+00 9.569337e+00 
8.534560e+00 9.546619e+00 
8.569200e+00 9.523975e+00 
