# Parameters:
# omega_b = 0.022500, omega_m = 0.137500, n_s = 0.950000, h = 69.033203, w = -1.000000,sigma_8 = 0.755000
# z = 0.640000
#
# k[1/Mpc] # P(k):
8.694000e-04 8.157224e+03 
2.077466e-03 1.719507e+04 
3.285532e-03 2.413102e+04 
4.493598e-03 2.937957e+04 
5.701664e-03 3.320879e+04 
6.909730e-03 3.586501e+04 
8.117797e-03 3.761317e+04 
9.325863e-03 3.859143e+04 
1.053393e-02 3.893400e+04 
1.174199e-02 3.876435e+04 
1.295006e-02 3.816087e+04 
1.415813e-02 3.722857e+04 
1.536619e-02 3.605561e+04 
1.657426e-02 3.470287e+04 
1.778233e-02 3.322353e+04 
1.899039e-02 3.169535e+04 
2.019846e-02 3.016302e+04 
2.140652e-02 2.866567e+04 
2.261459e-02 2.722145e+04 
2.382266e-02 2.585421e+04 
2.503072e-02 2.458010e+04 
2.623879e-02 2.340485e+04 
2.744685e-02 2.232972e+04 
2.865492e-02 2.135579e+04 
2.986299e-02 2.047791e+04 
3.100100e-02 1.973684e+04 
3.220400e-02 1.903564e+04 
3.288100e-02 1.867753e+04 
3.424300e-02 1.802583e+04 
3.555100e-02 1.747403e+04 
3.686000e-02 1.698473e+04 
3.795000e-02 1.661588e+04 
3.929100e-02 1.620318e+04 
4.039800e-02 1.588592e+04 
4.164000e-02 1.554753e+04 
4.294400e-02 1.520030e+04 
4.415000e-02 1.488412e+04 
4.542900e-02 1.454007e+04 
4.660900e-02 1.421887e+04 
4.782300e-02 1.386867e+04 
4.892900e-02 1.354143e+04 
5.031200e-02 1.311617e+04 
5.155900e-02 1.271644e+04 
5.238100e-02 1.244719e+04 
5.378200e-02 1.198145e+04 
5.513400e-02 1.152572e+04 
5.627600e-02 1.114063e+04 
5.735300e-02 1.078180e+04 
5.870100e-02 1.034289e+04 
5.988700e-02 9.970721e+03 
6.113500e-02 9.595895e+03 
6.225900e-02 9.275633e+03 
6.340100e-02 8.969239e+03 
6.480200e-02 8.619597e+03 
6.601100e-02 8.343973e+03 
6.725500e-02 8.084991e+03 
6.829100e-02 7.889985e+03 
6.958600e-02 7.667447e+03 
7.071100e-02 7.494633e+03 
7.192300e-02 7.326823e+03 
7.307400e-02 7.183551e+03 
7.412300e-02 7.065028e+03 
7.550400e-02 6.925293e+03 
7.663100e-02 6.821118e+03 
7.791200e-02 6.713401e+03 
7.912700e-02 6.617843e+03 
8.027600e-02 6.531018e+03 
8.138400e-02 6.449132e+03 
8.272200e-02 6.350871e+03 
8.406100e-02 6.251509e+03 
8.534100e-02 6.152634e+03 
8.653800e-02 6.055711e+03 
8.759800e-02 5.967295e+03 
8.900300e-02 5.845422e+03 
9.009000e-02 5.746842e+03 
9.113300e-02 5.648390e+03 
9.239600e-02 5.527323e+03 
9.358000e-02 5.411084e+03 
9.496100e-02 5.272249e+03 
9.608400e-02 5.159465e+03 
9.727500e-02 5.040861e+03 
9.852600e-02 4.916222e+03 
9.973800e-02 4.798752e+03 
1.009000e-01 4.689143e+03 
1.020900e-01 4.581198e+03 
1.034000e-01 4.467537e+03 
1.046000e-01 4.368228e+03 
1.057200e-01 4.282034e+03 
1.069100e-01 4.194669e+03 
1.082500e-01 4.104309e+03 
1.093900e-01 4.033186e+03 
1.105400e-01 3.965360e+03 
1.116900e-01 3.904365e+03 
1.129600e-01 3.840509e+03 
1.142000e-01 3.784140e+03 
1.153300e-01 3.735561e+03 
1.166400e-01 3.682995e+03 
1.177800e-01 3.639884e+03 
1.190000e-01 3.595555e+03 
1.201200e-01 3.556228e+03 
1.213400e-01 3.514472e+03 
1.227100e-01 3.467636e+03 
1.238900e-01 3.427832e+03 
1.250700e-01 3.387301e+03 
1.263200e-01 3.344492e+03 
1.275500e-01 3.301410e+03 
1.287500e-01 3.259193e+03 
1.299900e-01 3.214744e+03 
1.311300e-01 3.173680e+03 
1.323500e-01 3.129027e+03 
1.335900e-01 3.083694e+03 
1.347100e-01 3.042337e+03 
1.359800e-01 2.995861e+03 
1.372100e-01 2.950638e+03 
1.384300e-01 2.906479e+03 
1.395700e-01 2.865339e+03 
1.407700e-01 2.822926e+03 
1.420300e-01 2.778972e+03 
1.432800e-01 2.736363e+03 
1.444500e-01 2.697530e+03 
1.456300e-01 2.659188e+03 
1.468900e-01 2.619818e+03 
1.480500e-01 2.584543e+03 
1.491700e-01 2.551680e+03 
1.503800e-01 2.517549e+03 
1.516400e-01 2.483025e+03 
1.528200e-01 2.452561e+03 
1.540200e-01 2.422186e+03 
1.551900e-01 2.394283e+03 
1.564300e-01 2.365557e+03 
1.576600e-01 2.338154e+03 
1.588700e-01 2.312353e+03 
1.600900e-01 2.286867e+03 
1.612700e-01 2.263401e+03 
1.625400e-01 2.238615e+03 
1.637600e-01 2.215409e+03 
1.649500e-01 2.193272e+03 
1.662200e-01 2.170046e+03 
1.674000e-01 2.148684e+03 
1.685000e-01 2.129102e+03 
1.697500e-01 2.106936e+03 
1.710300e-01 2.084359e+03 
1.722200e-01 2.063743e+03 
1.734400e-01 2.042216e+03 
1.746400e-01 2.021376e+03 
1.758700e-01 2.000145e+03 
1.770900e-01 1.978966e+03 
1.782700e-01 1.958828e+03 
1.794600e-01 1.938523e+03 
1.807000e-01 1.917498e+03 
1.819100e-01 1.897332e+03 
1.830100e-01 1.879055e+03 
1.842200e-01 1.859229e+03 
1.855000e-01 1.838612e+03 
1.867000e-01 1.819581e+03 
1.879200e-01 1.800550e+03 
1.890900e-01 1.782622e+03 
1.902800e-01 1.764834e+03 
1.915200e-01 1.746597e+03 
1.926900e-01 1.729736e+03 
1.939000e-01 1.712806e+03 
1.951700e-01 1.695321e+03 
1.963100e-01 1.679964e+03 
1.975100e-01 1.664291e+03 
1.987800e-01 1.647963e+03 
2.000100e-01 1.632489e+03 
2.012500e-01 1.617346e+03 
2.023400e-01 1.604226e+03 
2.036100e-01 1.589210e+03 
2.048900e-01 1.574504e+03 
2.060400e-01 1.561485e+03 
2.072200e-01 1.548323e+03 
2.084200e-01 1.535251e+03 
2.096900e-01 1.521618e+03 
2.109200e-01 1.508609e+03 
2.121100e-01 1.496227e+03 
2.132700e-01 1.484324e+03 
2.145200e-01 1.471677e+03 
2.157200e-01 1.459704e+03 
2.168800e-01 1.448286e+03 
2.180700e-01 1.436730e+03 
2.193400e-01 1.424550e+03 
2.206000e-01 1.412605e+03 
2.217500e-01 1.401850e+03 
2.229500e-01 1.390774e+03 
2.241400e-01 1.379905e+03 
2.253500e-01 1.368999e+03 
2.264900e-01 1.358856e+03 
2.277100e-01 1.348134e+03 
2.289900e-01 1.337029e+03 
2.301500e-01 1.327097e+03 
2.313600e-01 1.316870e+03 
2.325600e-01 1.306874e+03 
2.337700e-01 1.296924e+03 
2.350000e-01 1.286940e+03 
2.362000e-01 1.277340e+03 
2.374100e-01 1.267801e+03 
2.386500e-01 1.258149e+03 
2.399100e-01 1.248470e+03 
2.410400e-01 1.239950e+03 
2.422500e-01 1.230945e+03 
2.435000e-01 1.221758e+03 
2.447300e-01 1.212844e+03 
2.458700e-01 1.204728e+03 
2.470600e-01 1.196355e+03 
2.483300e-01 1.187529e+03 
2.495600e-01 1.179114e+03 
2.507600e-01 1.171039e+03 
2.519600e-01 1.163060e+03 
2.532200e-01 1.154782e+03 
2.543700e-01 1.147344e+03 
2.555500e-01 1.139817e+03 
2.568000e-01 1.131938e+03 
2.580100e-01 1.124400e+03 
2.592400e-01 1.116851e+03 
2.604100e-01 1.109763e+03 
2.616100e-01 1.102574e+03 
2.628400e-01 1.095290e+03 
2.640600e-01 1.088163e+03 
2.652200e-01 1.081467e+03 
2.664300e-01 1.074560e+03 
2.676500e-01 1.067673e+03 
2.688400e-01 1.061036e+03 
2.700700e-01 1.054254e+03 
2.712400e-01 1.047874e+03 
2.724800e-01 1.041186e+03 
2.736700e-01 1.034833e+03 
2.748800e-01 1.028439e+03 
2.761000e-01 1.022061e+03 
2.773200e-01 1.015753e+03 
2.785400e-01 1.009510e+03 
2.797000e-01 1.003630e+03 
2.808900e-01 9.976595e+02 
2.821400e-01 9.914554e+02 
2.833900e-01 9.853182e+02 
2.845500e-01 9.796686e+02 
2.857800e-01 9.737400e+02 
2.870300e-01 9.677792e+02 
2.882100e-01 9.622108e+02 
2.893900e-01 9.566940e+02 
2.906300e-01 9.509539e+02 
2.918900e-01 9.451830e+02 
2.930500e-01 9.399242e+02 
2.942500e-01 9.345350e+02 
2.954200e-01 9.293230e+02 
2.966500e-01 9.238985e+02 
2.978900e-01 9.184859e+02 
2.990400e-01 9.135158e+02 
3.002700e-01 9.082506e+02 
3.015100e-01 9.029958e+02 
3.026800e-01 8.980864e+02 
3.038500e-01 8.932236e+02 
3.050300e-01 8.883660e+02 
3.062600e-01 8.833512e+02 
3.075000e-01 8.783457e+02 
3.087000e-01 8.735490e+02 
3.099100e-01 8.687588e+02 
3.111200e-01 8.640173e+02 
3.123100e-01 8.594032e+02 
3.135300e-01 8.547177e+02 
3.147300e-01 8.501527e+02 
3.159900e-01 8.454056e+02 
3.171800e-01 8.409694e+02 
3.183700e-01 8.365771e+02 
3.196300e-01 8.319703e+02 
3.208400e-01 8.275885e+02 
3.220300e-01 8.233187e+02 
3.232000e-01 8.191710e+02 
3.244300e-01 8.148553e+02 
3.256700e-01 8.105453e+02 
3.269200e-01 8.062413e+02 
3.280800e-01 8.022834e+02 
3.292500e-01 7.983391e+02 
3.304800e-01 7.942336e+02 
3.317100e-01 7.901657e+02 
3.328900e-01 7.862980e+02 
3.340700e-01 7.824640e+02 
3.353600e-01 7.783270e+02 
3.365300e-01 7.746150e+02 
3.377100e-01 7.709032e+02 
3.389200e-01 7.671302e+02 
3.401600e-01 7.632979e+02 
3.413700e-01 7.596032e+02 
3.425300e-01 7.560996e+02 
3.437700e-01 7.523865e+02 
3.449800e-01 7.487949e+02 
3.461800e-01 7.452635e+02 
3.473600e-01 7.418276e+02 
3.485800e-01 7.383232e+02 
3.498100e-01 7.348205e+02 
3.510200e-01 7.314042e+02 
3.522000e-01 7.281004e+02 
3.533900e-01 7.247961e+02 
3.546400e-01 7.213745e+02 
3.558400e-01 7.181186e+02 
3.570600e-01 7.148361e+02 
3.582700e-01 7.116076e+02 
3.595000e-01 7.083530e+02 
3.607100e-01 7.051890e+02 
3.618900e-01 7.021370e+02 
3.631200e-01 6.989815e+02 
3.643200e-01 6.959283e+02 
3.655500e-01 6.928243e+02 
3.667300e-01 6.898704e+02 
3.679500e-01 6.868593e+02 
3.691900e-01 6.838238e+02 
3.703600e-01 6.809825e+02 
3.715700e-01 6.780672e+02 
3.727700e-01 6.751989e+02 
3.739900e-01 6.723126e+02 
3.752000e-01 6.694847e+02 
3.763900e-01 6.667253e+02 
3.775800e-01 6.639873e+02 
3.788200e-01 6.611566e+02 
3.800300e-01 6.584163e+02 
3.812100e-01 6.557688e+02 
3.824200e-01 6.530777e+02 
3.836100e-01 6.504513e+02 
3.848600e-01 6.477140e+02 
3.860400e-01 6.451500e+02 
3.872400e-01 6.425621e+02 
3.884600e-01 6.399640e+02 
3.896500e-01 6.374538e+02 
3.908700e-01 6.348998e+02 
3.920600e-01 6.324273e+02 
3.933100e-01 6.298500e+02 
3.945300e-01 6.273537e+02 
3.957200e-01 6.249421e+02 
3.969300e-01 6.225095e+02 
3.981700e-01 6.200354e+02 
3.993500e-01 6.176985e+02 
4.094840e-01 5.983072e+02 
4.272360e-01 5.671929e+02 
4.454600e-01 5.383446e+02 
4.630560e-01 5.130402e+02 
4.804610e-01 4.901394e+02 
4.980690e-01 4.688658e+02 
5.159230e-01 4.490216e+02 
5.317440e-01 4.327441e+02 
5.489640e-01 4.162842e+02 
5.671990e-01 4.001671e+02 
5.838690e-01 3.864896e+02 
6.018840e-01 3.727562e+02 
6.202330e-01 3.597862e+02 
6.379250e-01 3.481245e+02 
6.545410e-01 3.379022e+02 
6.714560e-01 3.281195e+02 
6.892080e-01 3.184980e+02 
7.066010e-01 3.096299e+02 
7.240540e-01 3.012394e+02 
7.420450e-01 2.931016e+02 
7.593780e-01 2.856773e+02 
7.764720e-01 2.787292e+02 
7.942840e-01 2.718585e+02 
8.116170e-01 2.654878e+02 
8.288310e-01 2.594582e+02 
8.462240e-01 2.536287e+02 
8.631980e-01 2.481803e+02 
8.810700e-01 2.426839e+02 
8.989410e-01 2.374161e+02 
9.166330e-01 2.324019e+02 
9.345640e-01 2.275082e+02 
9.515980e-01 2.230260e+02 
9.688720e-01 2.186390e+02 
9.865640e-01 2.142951e+02 
1.031870e+00 2.038165e+02 
1.063490e+00 1.969724e+02 
1.097920e+00 1.899645e+02 
1.134370e+00 1.829326e+02 
1.167730e+00 1.768488e+02 
1.203830e+00 1.705995e+02 
1.240470e+00 1.646037e+02 
1.275790e+00 1.590883e+02 
1.309140e+00 1.541452e+02 
1.342970e+00 1.493257e+02 
1.378420e+00 1.445310e+02 
1.413200e+00 1.400325e+02 
1.448110e+00 1.357032e+02 
1.484090e+00 1.314560e+02 
1.518820e+00 1.275156e+02 
1.552880e+00 1.238208e+02 
1.588630e+00 1.200934e+02 
1.623230e+00 1.166467e+02 
1.657720e+00 1.133452e+02 
1.692450e+00 1.101733e+02 
1.726400e+00 1.071632e+02 
1.762200e+00 1.041120e+02 
1.797880e+00 1.012030e+02 
1.833270e+00 9.841833e+01 
1.869070e+00 9.571981e+01 
1.903200e+00 9.324223e+01 
1.937740e+00 9.082348e+01 
1.973190e+00 8.842890e+01 
2.007440e+00 8.620124e+01 
2.042160e+00 8.402920e+01 
2.077900e+00 8.186013e+01 
2.112390e+00 7.985337e+01 
2.146220e+00 7.793284e+01 
2.181600e+00 7.600444e+01 
2.216930e+00 7.414562e+01 
2.250760e+00 7.241684e+01 
2.286500e+00 7.064880e+01 
2.321770e+00 6.897118e+01 
2.355950e+00 6.740550e+01 
2.391280e+00 6.582634e+01 
2.426240e+00 6.431347e+01 
2.460670e+00 6.286996e+01 
2.495640e+00 6.144918e+01 
2.531080e+00 6.006198e+01 
2.566220e+00 5.872135e+01 
2.600830e+00 5.744255e+01 
2.635080e+00 5.621955e+01 
2.670340e+00 5.498723e+01 
2.705970e+00 5.378532e+01 
2.740040e+00 5.267295e+01 
2.774520e+00 5.157689e+01 
2.809730e+00 5.048990e+01 
2.844390e+00 4.945111e+01 
2.879960e+00 4.841434e+01 
2.914860e+00 4.742537e+01 
2.949410e+00 4.647415e+01 
2.984440e+00 4.553560e+01 
3.019760e+00 4.461830e+01 
3.054730e+00 4.373702e+01 
3.089030e+00 4.288978e+01 
3.124060e+00 4.205017e+01 
3.159560e+00 4.122502e+01 
3.194710e+00 4.042550e+01 
3.229010e+00 3.966551e+01 
3.263320e+00 3.892717e+01 
3.297930e+00 3.820196e+01 
3.332830e+00 3.748909e+01 
3.368040e+00 3.678804e+01 
3.403300e+00 3.610399e+01 
3.438450e+00 3.543840e+01 
3.473060e+00 3.479989e+01 
3.508440e+00 3.416641e+01 
3.543110e+00 3.356103e+01 
3.577470e+00 3.297169e+01 
3.613040e+00 3.237768e+01 
3.648120e+00 3.180822e+01 
3.682910e+00 3.125692e+01 
3.718050e+00 3.071259e+01 
3.753320e+00 3.017946e+01 
3.787980e+00 2.966787e+01 
3.822290e+00 2.917407e+01 
3.857020e+00 2.868686e+01 
3.891920e+00 2.820753e+01 
3.926650e+00 2.773927e+01 
3.961970e+00 2.727475e+01 
3.997360e+00 2.682140e+01 
4.031670e+00 2.639189e+01 
4.066330e+00 2.596722e+01 
4.101420e+00 2.554710e+01 
4.136200e+00 2.514108e+01 
4.170810e+00 2.474604e+01 
4.206250e+00 2.434987e+01 
4.241580e+00 2.396365e+01 
4.276300e+00 2.359241e+01 
4.310970e+00 2.322971e+01 
4.346120e+00 2.287005e+01 
4.380600e+00 2.252497e+01 
4.414730e+00 2.219055e+01 
4.450350e+00 2.184874e+01 
4.485320e+00 2.152030e+01 
4.519810e+00 2.120333e+01 
4.555430e+00 2.088289e+01 
4.590870e+00 2.057086e+01 
4.625480e+00 2.027259e+01 
4.659910e+00 1.998182e+01 
4.695230e+00 1.968969e+01 
4.729960e+00 1.940823e+01 
4.764450e+00 1.913432e+01 
4.799530e+00 1.886134e+01 
4.834910e+00 1.859148e+01 
4.869700e+00 1.833182e+01 
4.904370e+00 1.807812e+01 
4.939450e+00 1.782642e+01 
4.973940e+00 1.758385e+01 
5.008430e+00 1.734583e+01 
5.043810e+00 1.710651e+01 
5.078840e+00 1.687418e+01 
5.113500e+00 1.664857e+01 
5.148890e+00 1.642300e+01 
5.184210e+00 1.620209e+01 
5.219060e+00 1.598818e+01 
5.253660e+00 1.577980e+01 
5.288570e+00 1.557333e+01 
5.323420e+00 1.537121e+01 
5.358440e+00 1.517204e+01 
5.393590e+00 1.497570e+01 
5.428310e+00 1.478541e+01 
5.462800e+00 1.459979e+01 
5.497640e+00 1.441552e+01 
5.532670e+00 1.423393e+01 
5.567280e+00 1.405775e+01 
5.602000e+00 1.388401e+01 
5.637270e+00 1.371068e+01 
5.672410e+00 1.354096e+01 
5.707020e+00 1.337661e+01 
5.742040e+00 1.321360e+01 
5.777430e+00 1.305174e+01 
5.812210e+00 1.289531e+01 
5.846820e+00 1.274238e+01 
5.881610e+00 1.259120e+01 
5.916510e+00 1.244201e+01 
5.951600e+00 1.229481e+01 
5.986560e+00 1.215070e+01 
6.021830e+00 1.200764e+01 
6.056490e+00 1.186952e+01 
6.091160e+00 1.173371e+01 
6.125830e+00 1.160001e+01 
6.161090e+00 1.146627e+01 
6.195760e+00 1.133700e+01 
6.230420e+00 1.120975e+01 
6.265690e+00 1.108228e+01 
6.300950e+00 1.095731e+01 
6.335620e+00 1.083629e+01 
6.370880e+00 1.071509e+01 
6.405550e+00 1.059794e+01 
6.440220e+00 1.048262e+01 
6.475480e+00 1.036709e+01 
6.510150e+00 1.025531e+01 
6.544810e+00 1.014550e+01 
6.580080e+00 1.003540e+01 
6.614750e+00 9.928754e+00 
6.649410e+00 9.823903e+00 
6.684080e+00 9.720571e+00 
6.719340e+00 9.616993e+00 
6.754010e+00 9.516714e+00 
6.788680e+00 9.418098e+00 
6.823940e+00 9.319227e+00 
6.859800e+00 9.220116e+00 
6.894470e+00 9.125884e+00 
6.929140e+00 9.033042e+00 
6.963800e+00 8.941507e+00 
6.999070e+00 8.849669e+00 
7.033730e+00 8.760955e+00 
7.068400e+00 8.673420e+00 
7.103660e+00 8.585610e+00 
7.138330e+00 8.500557e+00 
7.173600e+00 8.415436e+00 
7.208260e+00 8.332912e+00 
7.243530e+00 8.250060e+00 
7.277600e+00 8.171182e+00 
7.312860e+00 8.090709e+00 
7.348120e+00 8.011309e+00 
7.382790e+00 7.934264e+00 
7.417460e+00 7.858445e+00 
7.452720e+00 7.782457e+00 
7.487390e+00 7.708710e+00 
7.522650e+00 7.634676e+00 
7.557320e+00 7.562985e+00 
7.591990e+00 7.492265e+00 
7.627250e+00 7.421259e+00 
7.662510e+00 7.351161e+00 
7.697180e+00 7.283295e+00 
7.731850e+00 7.216348e+00 
7.766510e+00 7.150250e+00 
7.801180e+00 7.084951e+00 
7.836440e+00 7.019475e+00 
7.871110e+00 6.955959e+00 
7.906380e+00 6.892138e+00 
7.941040e+00 6.830191e+00 
7.976310e+00 6.768029e+00 
8.011570e+00 6.706774e+00 
8.046240e+00 6.647272e+00 
8.080900e+00 6.588499e+00 
8.115570e+00 6.530460e+00 
8.150830e+00 6.472332e+00 
8.185500e+00 6.415856e+00 
8.220770e+00 6.359084e+00 
8.255430e+00 6.303953e+00 
8.290100e+00 6.249601e+00 
8.324770e+00 6.195898e+00 
8.359430e+00 6.142831e+00 
8.394700e+00 6.089457e+00 
8.429960e+00 6.036819e+00 
8.464630e+00 5.985755e+00 
8.499890e+00 5.934419e+00 
8.534560e+00 5.884519e+00 
8.569200e+00 5.835226e+00 
