# Parameters:
# omega_b = 0.022500, omega_m = 0.137500, n_s = 0.950000, h = 69.033203, w = -1.000000,sigma_8 = 0.755000
# z = 0.230000
#
# k[1/Mpc] # Delta^2 / k^1.5:
8.694000e-04 1.585896e-02 
2.077466e-03 1.233768e-01 
3.285532e-03 3.443944e-01 
4.493598e-03 6.706502e-01 
5.701664e-03 1.083546e+00 
6.909730e-03 1.561307e+00 
8.117797e-03 2.085201e+00 
9.325863e-03 2.634397e+00 
1.053393e-02 3.190572e+00 
1.174199e-02 3.738367e+00 
1.295006e-02 4.262385e+00 
1.415813e-02 4.753347e+00 
1.536619e-02 5.204991e+00 
1.657426e-02 5.611781e+00 
1.778233e-02 5.970496e+00 
1.899039e-02 6.286632e+00 
2.019846e-02 6.563349e+00 
2.140652e-02 6.805988e+00 
2.261459e-02 7.018411e+00 
2.382266e-02 7.207575e+00 
2.503072e-02 7.380936e+00 
2.623879e-02 7.543639e+00 
2.744685e-02 7.700604e+00 
2.865492e-02 7.857066e+00 
2.986299e-02 8.016451e+00 
3.100100e-02 8.172738e+00 
3.220400e-02 8.346292e+00 
3.288100e-02 8.449146e+00 
3.424300e-02 8.666415e+00 
3.555100e-02 8.886891e+00 
3.686000e-02 9.118918e+00 
3.795000e-02 9.319005e+00 
3.929100e-02 9.571925e+00 
4.039800e-02 9.782149e+00 
4.164000e-02 1.001700e+01 
4.294400e-02 1.025425e+01 
4.415000e-02 1.046486e+01 
4.542900e-02 1.066793e+01 
4.660900e-02 1.084068e+01 
4.782300e-02 1.098851e+01 
4.892900e-02 1.110316e+01 
5.031200e-02 1.121450e+01 
5.155900e-02 1.128168e+01 
5.238100e-02 1.130950e+01 
5.378200e-02 1.133142e+01 
5.513400e-02 1.132050e+01 
5.627600e-02 1.128977e+01 
5.735300e-02 1.124829e+01 
5.870100e-02 1.118427e+01 
5.988700e-02 1.112016e+01 
6.113500e-02 1.104908e+01 
6.225900e-02 1.098454e+01 
6.340100e-02 1.092545e+01 
6.480200e-02 1.086150e+01 
6.601100e-02 1.081881e+01 
6.725500e-02 1.078853e+01 
6.829100e-02 1.077824e+01 
6.958600e-02 1.078004e+01 
7.071100e-02 1.079844e+01 
7.192300e-02 1.083269e+01 
7.307400e-02 1.087807e+01 
7.412300e-02 1.092998e+01 
7.550400e-02 1.101462e+01 
7.663100e-02 1.109148e+01 
7.791200e-02 1.118849e+01 
7.912700e-02 1.128381e+01 
8.027600e-02 1.137626e+01 
8.138400e-02 1.146432e+01 
8.272200e-02 1.156550e+01 
8.406100e-02 1.165892e+01 
8.534100e-02 1.173514e+01 
8.653800e-02 1.179483e+01 
8.759800e-02 1.183844e+01 
8.900300e-02 1.187982e+01 
9.009000e-02 1.189676e+01 
9.113300e-02 1.190200e+01 
9.239600e-02 1.189838e+01 
9.358000e-02 1.188248e+01 
9.496100e-02 1.184807e+01 
9.608400e-02 1.181324e+01 
9.727500e-02 1.177141e+01 
9.852600e-02 1.171963e+01 
9.973800e-02 1.166863e+01 
1.009000e-01 1.161915e+01 
1.020900e-01 1.157148e+01 
1.034000e-01 1.152228e+01 
1.046000e-01 1.148085e+01 
1.057200e-01 1.145018e+01 
1.069100e-01 1.142157e+01 
1.082500e-01 1.140281e+01 
1.093900e-01 1.139470e+01 
1.105400e-01 1.139113e+01 
1.116900e-01 1.140025e+01 
1.129600e-01 1.141450e+01 
1.142000e-01 1.143852e+01 
1.153300e-01 1.146413e+01 
1.166400e-01 1.149968e+01 
1.177800e-01 1.153406e+01 
1.190000e-01 1.157257e+01 
1.201200e-01 1.160777e+01 
1.213400e-01 1.164620e+01 
1.227100e-01 1.168628e+01 
1.238900e-01 1.171939e+01 
1.250700e-01 1.174719e+01 
1.263200e-01 1.177388e+01 
1.275500e-01 1.179381e+01 
1.287500e-01 1.181025e+01 
1.299900e-01 1.182237e+01 
1.311300e-01 1.183004e+01 
1.323500e-01 1.183295e+01 
1.335900e-01 1.183337e+01 
1.347100e-01 1.183037e+01 
1.359800e-01 1.182556e+01 
1.372100e-01 1.181805e+01 
1.384300e-01 1.180984e+01 
1.395700e-01 1.180031e+01 
1.407700e-01 1.179028e+01 
1.420300e-01 1.177977e+01 
1.432800e-01 1.176936e+01 
1.444500e-01 1.176037e+01 
1.456300e-01 1.175132e+01 
1.468900e-01 1.174482e+01 
1.480500e-01 1.173979e+01 
1.491700e-01 1.173632e+01 
1.503800e-01 1.173436e+01 
1.516400e-01 1.173329e+01 
1.528200e-01 1.173655e+01 
1.540200e-01 1.173987e+01 
1.551900e-01 1.174607e+01 
1.564300e-01 1.175336e+01 
1.576600e-01 1.176262e+01 
1.588700e-01 1.177418e+01 
1.600900e-01 1.178593e+01 
1.612700e-01 1.179860e+01 
1.625400e-01 1.181225e+01 
1.637600e-01 1.182636e+01 
1.649500e-01 1.184072e+01 
1.662200e-01 1.185587e+01 
1.674000e-01 1.186893e+01 
1.685000e-01 1.188111e+01 
1.697500e-01 1.189395e+01 
1.710300e-01 1.190608e+01 
1.722200e-01 1.191736e+01 
1.734400e-01 1.192624e+01 
1.746400e-01 1.193486e+01 
1.758700e-01 1.194313e+01 
1.770900e-01 1.195019e+01 
1.782700e-01 1.195701e+01 
1.794600e-01 1.196239e+01 
1.807000e-01 1.196698e+01 
1.819100e-01 1.197145e+01 
1.830100e-01 1.197423e+01 
1.842200e-01 1.197707e+01 
1.855000e-01 1.198011e+01 
1.867000e-01 1.198390e+01 
1.879200e-01 1.198776e+01 
1.890900e-01 1.199156e+01 
1.902800e-01 1.199596e+01 
1.915200e-01 1.200055e+01 
1.926900e-01 1.200527e+01 
1.939000e-01 1.201144e+01 
1.951700e-01 1.201792e+01 
1.963100e-01 1.202409e+01 
1.975100e-01 1.203154e+01 
1.987800e-01 1.203942e+01 
2.000100e-01 1.204747e+01 
2.012500e-01 1.205654e+01 
2.023400e-01 1.206452e+01 
2.036100e-01 1.207398e+01 
2.048900e-01 1.208411e+01 
2.060400e-01 1.209323e+01 
2.072200e-01 1.210263e+01 
2.084200e-01 1.211281e+01 
2.096900e-01 1.212358e+01 
2.109200e-01 1.213403e+01 
2.121100e-01 1.214401e+01 
2.132700e-01 1.215373e+01 
2.145200e-01 1.216421e+01 
2.157200e-01 1.217427e+01 
2.168800e-01 1.218399e+01 
2.180700e-01 1.219396e+01 
2.193400e-01 1.220460e+01 
2.206000e-01 1.221511e+01 
2.217500e-01 1.222471e+01 
2.229500e-01 1.223474e+01 
2.241400e-01 1.224471e+01 
2.253500e-01 1.225485e+01 
2.264900e-01 1.226442e+01 
2.277100e-01 1.227501e+01 
2.289900e-01 1.228652e+01 
2.301500e-01 1.229696e+01 
2.313600e-01 1.230786e+01 
2.325600e-01 1.231858e+01 
2.337700e-01 1.232940e+01 
2.350000e-01 1.234041e+01 
2.362000e-01 1.235148e+01 
2.374100e-01 1.236305e+01 
2.386500e-01 1.237492e+01 
2.399100e-01 1.238699e+01 
2.410400e-01 1.239769e+01 
2.422500e-01 1.240914e+01 
2.435000e-01 1.242099e+01 
2.447300e-01 1.243287e+01 
2.458700e-01 1.244477e+01 
2.470600e-01 1.245721e+01 
2.483300e-01 1.247049e+01 
2.495600e-01 1.248356e+01 
2.507600e-01 1.249659e+01 
2.519600e-01 1.250963e+01 
2.532200e-01 1.252333e+01 
2.543700e-01 1.253609e+01 
2.555500e-01 1.254934e+01 
2.568000e-01 1.256340e+01 
2.580100e-01 1.257703e+01 
2.592400e-01 1.259112e+01 
2.604100e-01 1.260465e+01 
2.616100e-01 1.261854e+01 
2.628400e-01 1.263279e+01 
2.640600e-01 1.264686e+01 
2.652200e-01 1.266022e+01 
2.664300e-01 1.267418e+01 
2.676500e-01 1.268826e+01 
2.688400e-01 1.270181e+01 
2.700700e-01 1.271571e+01 
2.712400e-01 1.272894e+01 
2.724800e-01 1.274299e+01 
2.736700e-01 1.275666e+01 
2.748800e-01 1.277075e+01 
2.761000e-01 1.278499e+01 
2.773200e-01 1.279923e+01 
2.785400e-01 1.281328e+01 
2.797000e-01 1.282619e+01 
2.808900e-01 1.283944e+01 
2.821400e-01 1.285338e+01 
2.833900e-01 1.286735e+01 
2.845500e-01 1.288065e+01 
2.857800e-01 1.289476e+01 
2.870300e-01 1.290912e+01 
2.882100e-01 1.292269e+01 
2.893900e-01 1.293582e+01 
2.906300e-01 1.294939e+01 
2.918900e-01 1.296320e+01 
2.930500e-01 1.297592e+01 
2.942500e-01 1.298919e+01 
2.954200e-01 1.300244e+01 
2.966500e-01 1.301639e+01 
2.978900e-01 1.303047e+01 
2.990400e-01 1.304354e+01 
3.002700e-01 1.305744e+01 
3.015100e-01 1.307141e+01 
3.026800e-01 1.308462e+01 
3.038500e-01 1.309784e+01 
3.050300e-01 1.311117e+01 
3.062600e-01 1.312438e+01 
3.075000e-01 1.313772e+01 
3.087000e-01 1.315063e+01 
3.099100e-01 1.316367e+01 
3.111200e-01 1.317706e+01 
3.123100e-01 1.319081e+01 
3.135300e-01 1.320492e+01 
3.147300e-01 1.321882e+01 
3.159900e-01 1.323343e+01 
3.171800e-01 1.324723e+01 
3.183700e-01 1.326104e+01 
3.196300e-01 1.327567e+01 
3.208400e-01 1.328974e+01 
3.220300e-01 1.330359e+01 
3.232000e-01 1.331700e+01 
3.244300e-01 1.333103e+01 
3.256700e-01 1.334519e+01 
3.269200e-01 1.335948e+01 
3.280800e-01 1.337275e+01 
3.292500e-01 1.338690e+01 
3.304800e-01 1.340204e+01 
3.317100e-01 1.341719e+01 
3.328900e-01 1.343175e+01 
3.340700e-01 1.344631e+01 
3.353600e-01 1.346211e+01 
3.365300e-01 1.347640e+01 
3.377100e-01 1.349082e+01 
3.389200e-01 1.350562e+01 
3.401600e-01 1.352081e+01 
3.413700e-01 1.353583e+01 
3.425300e-01 1.355036e+01 
3.437700e-01 1.356591e+01 
3.449800e-01 1.358110e+01 
3.461800e-01 1.359619e+01 
3.473600e-01 1.361124e+01 
3.485800e-01 1.362733e+01 
3.498100e-01 1.364357e+01 
3.510200e-01 1.365956e+01 
3.522000e-01 1.367518e+01 
3.533900e-01 1.369095e+01 
3.546400e-01 1.370736e+01 
3.558400e-01 1.372312e+01 
3.570600e-01 1.373916e+01 
3.582700e-01 1.375509e+01 
3.595000e-01 1.377130e+01 
3.607100e-01 1.378741e+01 
3.618900e-01 1.380327e+01 
3.631200e-01 1.381982e+01 
3.643200e-01 1.383598e+01 
3.655500e-01 1.385256e+01 
3.667300e-01 1.386850e+01 
3.679500e-01 1.388566e+01 
3.691900e-01 1.390313e+01 
3.703600e-01 1.391963e+01 
3.715700e-01 1.393671e+01 
3.727700e-01 1.395368e+01 
3.739900e-01 1.397087e+01 
3.752000e-01 1.398780e+01 
3.763900e-01 1.400447e+01 
3.775800e-01 1.402116e+01 
3.788200e-01 1.403857e+01 
3.800300e-01 1.405558e+01 
3.812100e-01 1.407225e+01 
3.824200e-01 1.408939e+01 
3.836100e-01 1.410628e+01 
3.848600e-01 1.412403e+01 
3.860400e-01 1.414081e+01 
3.872400e-01 1.415790e+01 
3.884600e-01 1.417510e+01 
3.896500e-01 1.419182e+01 
3.908700e-01 1.420898e+01 
3.920600e-01 1.422574e+01 
3.933100e-01 1.424336e+01 
3.945300e-01 1.426058e+01 
3.957200e-01 1.427757e+01 
3.969300e-01 1.429492e+01 
3.981700e-01 1.431271e+01 
3.993500e-01 1.432967e+01 
4.094840e-01 1.447676e+01 
4.272360e-01 1.473213e+01 
4.454600e-01 1.499370e+01 
4.630560e-01 1.524133e+01 
4.804610e-01 1.548322e+01 
4.980690e-01 1.572448e+01 
5.159230e-01 1.596489e+01 
5.317440e-01 1.617700e+01 
5.489640e-01 1.640494e+01 
5.671990e-01 1.664777e+01 
5.838690e-01 1.686699e+01 
6.018840e-01 1.710379e+01 
6.202330e-01 1.734423e+01 
6.379250e-01 1.757336e+01 
6.545410e-01 1.778979e+01 
6.714560e-01 1.800770e+01 
6.892080e-01 1.823399e+01 
7.066010e-01 1.845463e+01 
7.240540e-01 1.867394e+01 
7.420450e-01 1.889386e+01 
7.593780e-01 1.910479e+01 
7.764720e-01 1.930968e+01 
7.942840e-01 1.951895e+01 
8.116170e-01 1.971734e+01 
8.288310e-01 1.990747e+01 
8.462240e-01 2.009644e+01 
8.631980e-01 2.027847e+01 
8.810700e-01 2.046456e+01 
8.989410e-01 2.064302e+01 
9.166330e-01 2.081482e+01 
9.345640e-01 2.098295e+01 
9.515980e-01 2.113880e+01 
9.688720e-01 2.129108e+01 
9.865640e-01 2.144010e+01 
1.031870e+00 2.179808e+01 
1.063490e+00 2.202331e+01 
1.097920e+00 2.225432e+01 
1.134370e+00 2.247608e+01 
1.167730e+00 2.266263e+01 
1.203830e+00 2.284287e+01 
1.240470e+00 2.301232e+01 
1.275790e+00 2.315414e+01 
1.309140e+00 2.327628e+01 
1.342970e+00 2.338643e+01 
1.378420e+00 2.348965e+01 
1.413200e+00 2.357745e+01 
1.448110e+00 2.365316e+01 
1.484090e+00 2.372034e+01 
1.518820e+00 2.377860e+01 
1.552880e+00 2.382142e+01 
1.588630e+00 2.385991e+01 
1.623230e+00 2.388829e+01 
1.657720e+00 2.391089e+01 
1.692450e+00 2.392730e+01 
1.726400e+00 2.393104e+01 
1.762200e+00 2.393268e+01 
1.797880e+00 2.392782e+01 
1.833270e+00 2.391856e+01 
1.869070e+00 2.390456e+01 
1.903200e+00 2.388342e+01 
1.937740e+00 2.385850e+01 
1.973190e+00 2.383109e+01 
2.007440e+00 2.380035e+01 
2.042160e+00 2.376535e+01 
2.077900e+00 2.372455e+01 
2.112390e+00 2.368205e+01 
2.146220e+00 2.364051e+01 
2.181600e+00 2.359006e+01 
2.216930e+00 2.353931e+01 
2.250760e+00 2.348869e+01 
2.286500e+00 2.343224e+01 
2.321770e+00 2.337426e+01 
2.355950e+00 2.331536e+01 
2.391280e+00 2.325574e+01 
2.426240e+00 2.319446e+01 
2.460670e+00 2.313213e+01 
2.495640e+00 2.306728e+01 
2.531080e+00 2.299916e+01 
2.566220e+00 2.292967e+01 
2.600830e+00 2.285996e+01 
2.635080e+00 2.279007e+01 
2.670340e+00 2.271910e+01 
2.705970e+00 2.264617e+01 
2.740040e+00 2.257539e+01 
2.774520e+00 2.250205e+01 
2.809730e+00 2.242843e+01 
2.844390e+00 2.235610e+01 
2.879960e+00 2.228043e+01 
2.914860e+00 2.220511e+01 
2.949410e+00 2.213005e+01 
2.984440e+00 2.205298e+01 
3.019760e+00 2.197441e+01 
3.054730e+00 2.189629e+01 
3.089030e+00 2.182097e+01 
3.124060e+00 2.174368e+01 
3.159560e+00 2.166471e+01 
3.194710e+00 2.158784e+01 
3.229010e+00 2.151315e+01 
3.263320e+00 2.143510e+01 
3.297930e+00 2.135713e+01 
3.332830e+00 2.127979e+01 
3.368040e+00 2.120269e+01 
3.403300e+00 2.112625e+01 
3.438450e+00 2.104926e+01 
3.473060e+00 2.097347e+01 
3.508440e+00 2.089551e+01 
3.543110e+00 2.081925e+01 
3.577470e+00 2.074312e+01 
3.613040e+00 2.066495e+01 
3.648120e+00 2.058913e+01 
3.682910e+00 2.051388e+01 
3.718050e+00 2.043754e+01 
3.753320e+00 2.036175e+01 
3.787980e+00 2.028836e+01 
3.822290e+00 2.021566e+01 
3.857020e+00 2.014186e+01 
3.891920e+00 2.006831e+01 
3.926650e+00 1.999600e+01 
3.961970e+00 1.992261e+01 
3.997360e+00 1.984902e+01 
4.031670e+00 1.977820e+01 
4.066330e+00 1.970804e+01 
4.101420e+00 1.963724e+01 
4.136200e+00 1.956653e+01 
4.170810e+00 1.949642e+01 
4.206250e+00 1.942462e+01 
4.241580e+00 1.935326e+01 
4.276300e+00 1.928510e+01 
4.310970e+00 1.921822e+01 
4.346120e+00 1.914993e+01 
4.380600e+00 1.908195e+01 
4.414730e+00 1.901497e+01 
4.450350e+00 1.894791e+01 
4.485320e+00 1.888230e+01 
4.519810e+00 1.881658e+01 
4.555430e+00 1.874839e+01 
4.590870e+00 1.868155e+01 
4.625480e+00 1.861813e+01 
4.659910e+00 1.855525e+01 
4.695230e+00 1.849081e+01 
4.729960e+00 1.842764e+01 
4.764450e+00 1.836555e+01 
4.799530e+00 1.830336e+01 
4.834910e+00 1.824085e+01 
4.869700e+00 1.817937e+01 
4.904370e+00 1.811827e+01 
4.939450e+00 1.805692e+01 
4.973940e+00 1.799747e+01 
5.008430e+00 1.793822e+01 
5.043810e+00 1.787821e+01 
5.078840e+00 1.781933e+01 
5.113500e+00 1.776127e+01 
5.148890e+00 1.770218e+01 
5.184210e+00 1.764340e+01 
5.219060e+00 1.758583e+01 
5.253660e+00 1.752951e+01 
5.288570e+00 1.747286e+01 
5.323420e+00 1.741690e+01 
5.358440e+00 1.736129e+01 
5.393590e+00 1.730565e+01 
5.428310e+00 1.725093e+01 
5.462800e+00 1.719676e+01 
5.497640e+00 1.714222e+01 
5.532670e+00 1.708815e+01 
5.567280e+00 1.703509e+01 
5.602000e+00 1.698202e+01 
5.637270e+00 1.692893e+01 
5.672410e+00 1.687636e+01 
5.707020e+00 1.682474e+01 
5.742040e+00 1.677259e+01 
5.777430e+00 1.672004e+01 
5.812210e+00 1.666855e+01 
5.846820e+00 1.661819e+01 
5.881610e+00 1.656792e+01 
5.916510e+00 1.651763e+01 
5.951600e+00 1.646778e+01 
5.986560e+00 1.641851e+01 
6.021830e+00 1.636895e+01 
6.056490e+00 1.632042e+01 
6.091160e+00 1.627204e+01 
6.125830e+00 1.622380e+01 
6.161090e+00 1.617506e+01 
6.195760e+00 1.612763e+01 
6.230420e+00 1.608036e+01 
6.265690e+00 1.603243e+01 
6.300950e+00 1.598558e+01 
6.335620e+00 1.593964e+01 
6.370880e+00 1.589305e+01 
6.405550e+00 1.584728e+01 
6.440220e+00 1.580160e+01 
6.475480e+00 1.575527e+01 
6.510150e+00 1.571008e+01 
6.544810e+00 1.566552e+01 
6.580080e+00 1.562031e+01 
6.614750e+00 1.557599e+01 
6.649410e+00 1.553251e+01 
6.684080e+00 1.548927e+01 
6.719340e+00 1.544541e+01 
6.754010e+00 1.540235e+01 
6.788680e+00 1.535924e+01 
6.823940e+00 1.531553e+01 
6.859800e+00 1.527120e+01 
6.894470e+00 1.522905e+01 
6.929140e+00 1.518724e+01 
6.963800e+00 1.514555e+01 
6.999070e+00 1.510323e+01 
7.033730e+00 1.506158e+01 
7.068400e+00 1.502003e+01 
7.103660e+00 1.497789e+01 
7.138330e+00 1.493682e+01 
7.173600e+00 1.489569e+01 
7.208260e+00 1.485539e+01 
7.243530e+00 1.481448e+01 
7.277600e+00 1.477500e+01 
7.312860e+00 1.473416e+01 
7.348120e+00 1.469344e+01 
7.382790e+00 1.465351e+01 
7.417460e+00 1.461416e+01 
7.452720e+00 1.457450e+01 
7.487390e+00 1.453561e+01 
7.522650e+00 1.449617e+01 
7.557320e+00 1.445792e+01 
7.591990e+00 1.441994e+01 
7.627250e+00 1.438141e+01 
7.662510e+00 1.434299e+01 
7.697180e+00 1.430473e+01 
7.731850e+00 1.426635e+01 
7.766510e+00 1.422808e+01 
7.801180e+00 1.418991e+01 
7.836440e+00 1.415204e+01 
7.871110e+00 1.411544e+01 
7.906380e+00 1.407830e+01 
7.941040e+00 1.404190e+01 
7.976310e+00 1.400484e+01 
8.011570e+00 1.396777e+01 
8.046240e+00 1.393142e+01 
8.080900e+00 1.389517e+01 
8.115570e+00 1.385904e+01 
8.150830e+00 1.382251e+01 
8.185500e+00 1.378668e+01 
8.220770e+00 1.375033e+01 
8.255430e+00 1.371469e+01 
8.290100e+00 1.367954e+01 
8.324770e+00 1.364452e+01 
8.359430e+00 1.360960e+01 
8.394700e+00 1.357416e+01 
8.429960e+00 1.353885e+01 
8.464630e+00 1.350424e+01 
8.499890e+00 1.346914e+01 
8.534560e+00 1.343471e+01 
8.569200e+00 1.340040e+01 
