# Parameters:
# omega_b = 0.022500, omega_m = 0.137500, n_s = 0.950000, h = 69.033203, w = -1.000000,sigma_8 = 0.755000
# z = 0.410000
#
# k[1/Mpc] # P(k):
8.694000e-04 1.018268e+04 
2.077466e-03 2.144790e+04 
3.285532e-03 3.009997e+04 
4.493598e-03 3.664811e+04 
5.701664e-03 4.143041e+04 
6.909730e-03 4.475079e+04 
8.117797e-03 4.693821e+04 
9.325863e-03 4.816300e+04 
1.053393e-02 4.859394e+04 
1.174199e-02 4.838489e+04 
1.295006e-02 4.763432e+04 
1.415813e-02 4.647346e+04 
1.536619e-02 4.501182e+04 
1.657426e-02 4.332509e+04 
1.778233e-02 4.148099e+04 
1.899039e-02 3.957955e+04 
2.019846e-02 3.767356e+04 
2.140652e-02 3.580811e+04 
2.261459e-02 3.400824e+04 
2.382266e-02 3.230394e+04 
2.503072e-02 3.071565e+04 
2.623879e-02 2.925028e+04 
2.744685e-02 2.790984e+04 
2.865492e-02 2.669509e+04 
2.986299e-02 2.560059e+04 
3.100100e-02 2.467570e+04 
3.220400e-02 2.380125e+04 
3.288100e-02 2.335385e+04 
3.424300e-02 2.253983e+04 
3.555100e-02 2.185005e+04 
3.686000e-02 2.123782e+04 
3.795000e-02 2.077583e+04 
3.929100e-02 2.025824e+04 
4.039800e-02 1.985976e+04 
4.164000e-02 1.943470e+04 
4.294400e-02 1.899813e+04 
4.415000e-02 1.860038e+04 
4.542900e-02 1.816834e+04 
4.660900e-02 1.776548e+04 
4.782300e-02 1.732701e+04 
4.892900e-02 1.691781e+04 
5.031200e-02 1.638663e+04 
5.155900e-02 1.588853e+04 
5.238100e-02 1.555331e+04 
5.378200e-02 1.497458e+04 
5.513400e-02 1.440929e+04 
5.627600e-02 1.393186e+04 
5.735300e-02 1.348750e+04 
5.870100e-02 1.294461e+04 
5.988700e-02 1.248439e+04 
6.113500e-02 1.202093e+04 
6.225900e-02 1.162479e+04 
6.340100e-02 1.124595e+04 
6.480200e-02 1.081352e+04 
6.601100e-02 1.047226e+04 
6.725500e-02 1.015131e+04 
6.829100e-02 9.909212e+03 
6.958600e-02 9.632542e+03 
7.071100e-02 9.417254e+03 
7.192300e-02 9.207816e+03 
7.307400e-02 9.028422e+03 
7.412300e-02 8.879606e+03 
7.550400e-02 8.703810e+03 
7.663100e-02 8.572339e+03 
7.791200e-02 8.435903e+03 
7.912700e-02 8.314570e+03 
8.027600e-02 8.204176e+03 
8.138400e-02 8.100092e+03 
8.272200e-02 7.975414e+03 
8.406100e-02 7.849668e+03 
8.534100e-02 7.724747e+03 
8.653800e-02 7.603016e+03 
8.759800e-02 7.492296e+03 
8.900300e-02 7.340123e+03 
9.009000e-02 7.217407e+03 
9.113300e-02 7.095382e+03 
9.239600e-02 6.945701e+03 
9.358000e-02 6.802354e+03 
9.496100e-02 6.631623e+03 
9.608400e-02 6.493233e+03 
9.727500e-02 6.347930e+03 
9.852600e-02 6.195545e+03 
9.973800e-02 6.052067e+03 
1.009000e-01 5.918305e+03 
1.020900e-01 5.786742e+03 
1.034000e-01 5.648183e+03 
1.046000e-01 5.527093e+03 
1.057200e-01 5.421832e+03 
1.069100e-01 5.315051e+03 
1.082500e-01 5.204417e+03 
1.093900e-01 5.117128e+03 
1.105400e-01 5.033754e+03 
1.116900e-01 4.958391e+03 
1.129600e-01 4.879342e+03 
1.142000e-01 4.809173e+03 
1.153300e-01 4.748483e+03 
1.166400e-01 4.682469e+03 
1.177800e-01 4.628087e+03 
1.190000e-01 4.572051e+03 
1.201200e-01 4.522033e+03 
1.213400e-01 4.468870e+03 
1.227100e-01 4.409202e+03 
1.238900e-01 4.358511e+03 
1.250700e-01 4.306956e+03 
1.263200e-01 4.252583e+03 
1.275500e-01 4.198027e+03 
1.287500e-01 4.144712e+03 
1.299900e-01 4.088795e+03 
1.311300e-01 4.037280e+03 
1.323500e-01 3.981472e+03 
1.335900e-01 3.925024e+03 
1.347100e-01 3.873801e+03 
1.359800e-01 3.816376e+03 
1.372100e-01 3.760779e+03 
1.384300e-01 3.706578e+03 
1.395700e-01 3.656310e+03 
1.407700e-01 3.604491e+03 
1.420300e-01 3.550970e+03 
1.432800e-01 3.499067e+03 
1.444500e-01 3.451957e+03 
1.456300e-01 3.405427e+03 
1.468900e-01 3.357579e+03 
1.480500e-01 3.314679e+03 
1.491700e-01 3.274625e+03 
1.503800e-01 3.232917e+03 
1.516400e-01 3.190669e+03 
1.528200e-01 3.153173e+03 
1.540200e-01 3.115778e+03 
1.551900e-01 3.081170e+03 
1.564300e-01 3.045473e+03 
1.576600e-01 3.011291e+03 
1.588700e-01 2.978949e+03 
1.600900e-01 2.946989e+03 
1.612700e-01 2.917341e+03 
1.625400e-01 2.886023e+03 
1.637600e-01 2.856654e+03 
1.649500e-01 2.828610e+03 
1.662200e-01 2.799192e+03 
1.674000e-01 2.772163e+03 
1.685000e-01 2.747385e+03 
1.697500e-01 2.719404e+03 
1.710300e-01 2.690969e+03 
1.722200e-01 2.665001e+03 
1.734400e-01 2.638099e+03 
1.746400e-01 2.612061e+03 
1.758700e-01 2.585599e+03 
1.770900e-01 2.559337e+03 
1.782700e-01 2.534361e+03 
1.794600e-01 2.509261e+03 
1.807000e-01 2.483324e+03 
1.819100e-01 2.458441e+03 
1.830100e-01 2.435950e+03 
1.842200e-01 2.411559e+03 
1.855000e-01 2.386192e+03 
1.867000e-01 2.362812e+03 
1.879200e-01 2.339426e+03 
1.890900e-01 2.317385e+03 
1.902800e-01 2.295483e+03 
1.915200e-01 2.273022e+03 
1.926900e-01 2.252233e+03 
1.939000e-01 2.231301e+03 
1.951700e-01 2.209679e+03 
1.963100e-01 2.190663e+03 
1.975100e-01 2.171197e+03 
1.987800e-01 2.150914e+03 
2.000100e-01 2.131668e+03 
2.012500e-01 2.112776e+03 
2.023400e-01 2.096406e+03 
2.036100e-01 2.077652e+03 
2.048900e-01 2.059219e+03 
2.060400e-01 2.042900e+03 
2.072200e-01 2.026397e+03 
2.084200e-01 2.009964e+03 
2.096900e-01 1.992825e+03 
2.109200e-01 1.976469e+03 
2.121100e-01 1.960893e+03 
2.132700e-01 1.945917e+03 
2.145200e-01 1.930003e+03 
2.157200e-01 1.914928e+03 
2.168800e-01 1.900545e+03 
2.180700e-01 1.885986e+03 
2.193400e-01 1.870653e+03 
2.206000e-01 1.855634e+03 
2.217500e-01 1.842110e+03 
2.229500e-01 1.828182e+03 
2.241400e-01 1.814531e+03 
2.253500e-01 1.800832e+03 
2.264900e-01 1.788092e+03 
2.277100e-01 1.774627e+03 
2.289900e-01 1.760685e+03 
2.301500e-01 1.748216e+03 
2.313600e-01 1.735374e+03 
2.325600e-01 1.722817e+03 
2.337700e-01 1.710317e+03 
2.350000e-01 1.697774e+03 
2.362000e-01 1.685717e+03 
2.374100e-01 1.673741e+03 
2.386500e-01 1.661625e+03 
2.399100e-01 1.649471e+03 
2.410400e-01 1.638747e+03 
2.422500e-01 1.627406e+03 
2.435000e-01 1.615836e+03 
2.447300e-01 1.604608e+03 
2.458700e-01 1.594382e+03 
2.470600e-01 1.583831e+03 
2.483300e-01 1.572709e+03 
2.495600e-01 1.562101e+03 
2.507600e-01 1.551919e+03 
2.519600e-01 1.541857e+03 
2.532200e-01 1.531417e+03 
2.543700e-01 1.522030e+03 
2.555500e-01 1.512526e+03 
2.568000e-01 1.502576e+03 
2.580100e-01 1.493057e+03 
2.592400e-01 1.483525e+03 
2.604100e-01 1.474574e+03 
2.616100e-01 1.465497e+03 
2.628400e-01 1.456298e+03 
2.640600e-01 1.447297e+03 
2.652200e-01 1.438840e+03 
2.664300e-01 1.430115e+03 
2.676500e-01 1.421417e+03 
2.688400e-01 1.413037e+03 
2.700700e-01 1.404478e+03 
2.712400e-01 1.396425e+03 
2.724800e-01 1.387983e+03 
2.736700e-01 1.379969e+03 
2.748800e-01 1.371907e+03 
2.761000e-01 1.363866e+03 
2.773200e-01 1.355913e+03 
2.785400e-01 1.348042e+03 
2.797000e-01 1.340633e+03 
2.808900e-01 1.333111e+03 
2.821400e-01 1.325293e+03 
2.833900e-01 1.317560e+03 
2.845500e-01 1.310458e+03 
2.857800e-01 1.303005e+03 
2.870300e-01 1.295512e+03 
2.882100e-01 1.288511e+03 
2.893900e-01 1.281569e+03 
2.906300e-01 1.274342e+03 
2.918900e-01 1.267076e+03 
2.930500e-01 1.260454e+03 
2.942500e-01 1.253673e+03 
2.954200e-01 1.247130e+03 
2.966500e-01 1.240320e+03 
2.978900e-01 1.233524e+03 
2.990400e-01 1.227283e+03 
3.002700e-01 1.220673e+03 
3.015100e-01 1.214075e+03 
3.026800e-01 1.207911e+03 
3.038500e-01 1.201806e+03 
3.050300e-01 1.195706e+03 
3.062600e-01 1.189407e+03 
3.075000e-01 1.183119e+03 
3.087000e-01 1.177093e+03 
3.099100e-01 1.171074e+03 
3.111200e-01 1.165121e+03 
3.123100e-01 1.159336e+03 
3.135300e-01 1.153460e+03 
3.147300e-01 1.147736e+03 
3.159900e-01 1.141782e+03 
3.171800e-01 1.136220e+03 
3.183700e-01 1.130714e+03 
3.196300e-01 1.124938e+03 
3.208400e-01 1.119444e+03 
3.220300e-01 1.114091e+03 
3.232000e-01 1.108887e+03 
3.244300e-01 1.103472e+03 
3.256700e-01 1.098063e+03 
3.269200e-01 1.092662e+03 
3.280800e-01 1.087694e+03 
3.292500e-01 1.082748e+03 
3.304800e-01 1.077602e+03 
3.317100e-01 1.072501e+03 
3.328900e-01 1.067652e+03 
3.340700e-01 1.062845e+03 
3.353600e-01 1.057652e+03 
3.365300e-01 1.052990e+03 
3.377100e-01 1.048329e+03 
3.389200e-01 1.043590e+03 
3.401600e-01 1.038776e+03 
3.413700e-01 1.034134e+03 
3.425300e-01 1.029730e+03 
3.437700e-01 1.025063e+03 
3.449800e-01 1.020548e+03 
3.461800e-01 1.016109e+03 
3.473600e-01 1.011788e+03 
3.485800e-01 1.007376e+03 
3.498100e-01 1.002967e+03 
3.510200e-01 9.986657e+02 
3.522000e-01 9.945062e+02 
3.533900e-01 9.903459e+02 
3.546400e-01 9.860325e+02 
3.558400e-01 9.819277e+02 
3.570600e-01 9.777890e+02 
3.582700e-01 9.737184e+02 
3.595000e-01 9.696148e+02 
3.607100e-01 9.656217e+02 
3.618900e-01 9.617670e+02 
3.631200e-01 9.577817e+02 
3.643200e-01 9.539254e+02 
3.655500e-01 9.500047e+02 
3.667300e-01 9.462737e+02 
3.679500e-01 9.424814e+02 
3.691900e-01 9.386582e+02 
3.703600e-01 9.350797e+02 
3.715700e-01 9.314078e+02 
3.727700e-01 9.277951e+02 
3.739900e-01 9.241511e+02 
3.752000e-01 9.205654e+02 
3.763900e-01 9.170665e+02 
3.775800e-01 9.135947e+02 
3.788200e-01 9.100053e+02 
3.800300e-01 9.065304e+02 
3.812100e-01 9.031576e+02 
3.824200e-01 8.997188e+02 
3.836100e-01 8.963627e+02 
3.848600e-01 8.928647e+02 
3.860400e-01 8.895881e+02 
3.872400e-01 8.862810e+02 
3.884600e-01 8.829761e+02 
3.896500e-01 8.797887e+02 
3.908700e-01 8.765457e+02 
3.920600e-01 8.734062e+02 
3.933100e-01 8.701334e+02 
3.945300e-01 8.669638e+02 
3.957200e-01 8.638843e+02 
3.969300e-01 8.607733e+02 
3.981700e-01 8.576091e+02 
3.993500e-01 8.546204e+02 
4.094840e-01 8.297388e+02 
4.272360e-01 7.897892e+02 
4.454600e-01 7.525446e+02 
4.630560e-01 7.196938e+02 
4.804610e-01 6.898272e+02 
4.980690e-01 6.620618e+02 
5.159230e-01 6.360752e+02 
5.317440e-01 6.147979e+02 
5.489640e-01 5.931449e+02 
5.671990e-01 5.718602e+02 
5.838690e-01 5.537928e+02 
6.018840e-01 5.356391e+02 
6.202330e-01 5.184646e+02 
6.379250e-01 5.029188e+02 
6.545410e-01 4.892596e+02 
6.714560e-01 4.761693e+02 
6.892080e-01 4.632010e+02 
7.066010e-01 4.511507e+02 
7.240540e-01 4.397457e+02 
7.420450e-01 4.286769e+02 
7.593780e-01 4.184356e+02 
7.764720e-01 4.088510e+02 
7.942840e-01 3.993509e+02 
8.116170e-01 3.904181e+02 
8.288310e-01 3.819643e+02 
8.462240e-01 3.737058e+02 
8.631980e-01 3.659704e+02 
8.810700e-01 3.581449e+02 
8.989410e-01 3.506230e+02 
9.166330e-01 3.434122e+02 
9.345640e-01 3.363028e+02 
9.515980e-01 3.297787e+02 
9.688720e-01 3.233956e+02 
9.865640e-01 3.170394e+02 
1.031870e+00 3.015742e+02 
1.063490e+00 2.914475e+02 
1.097920e+00 2.809376e+02 
1.134370e+00 2.704558e+02 
1.167730e+00 2.612724e+02 
1.203830e+00 2.518537e+02 
1.240470e+00 2.427701e+02 
1.275790e+00 2.344000e+02 
1.309140e+00 2.268890e+02 
1.342970e+00 2.195610e+02 
1.378420e+00 2.122701e+02 
1.413200e+00 2.054035e+02 
1.448110e+00 1.988239e+02 
1.484090e+00 1.923455e+02 
1.518820e+00 1.863725e+02 
1.552880e+00 1.807170e+02 
1.588630e+00 1.750651e+02 
1.623230e+00 1.698208e+02 
1.657720e+00 1.648052e+02 
1.692450e+00 1.599882e+02 
1.726400e+00 1.554245e+02 
1.762200e+00 1.508036e+02 
1.797880e+00 1.463895e+02 
1.833270e+00 1.421975e+02 
1.869070e+00 1.381116e+02 
1.903200e+00 1.343786e+02 
1.937740e+00 1.307393e+02 
1.973190e+00 1.271436e+02 
2.007440e+00 1.237957e+02 
2.042160e+00 1.205225e+02 
2.077900e+00 1.172769e+02 
2.112390e+00 1.142746e+02 
2.146220e+00 1.114105e+02 
2.181600e+00 1.085333e+02 
2.216930e+00 1.057639e+02 
2.250760e+00 1.032017e+02 
2.286500e+00 1.005856e+02 
2.321770e+00 9.809150e+01 
2.355950e+00 9.575282e+01 
2.391280e+00 9.341437e+01 
2.426240e+00 9.118634e+01 
2.460670e+00 8.906167e+01 
2.495640e+00 8.696478e+01 
2.531080e+00 8.491790e+01 
2.566220e+00 8.295176e+01 
2.600830e+00 8.107570e+01 
2.635080e+00 7.927617e+01 
2.670340e+00 7.747829e+01 
2.705970e+00 7.572505e+01 
2.740040e+00 7.410131e+01 
2.774520e+00 7.249569e+01 
2.809730e+00 7.091202e+01 
2.844390e+00 6.940236e+01 
2.879960e+00 6.789688e+01 
2.914860e+00 6.646209e+01 
2.949410e+00 6.508441e+01 
2.984440e+00 6.373211e+01 
3.019760e+00 6.240150e+01 
3.054730e+00 6.111915e+01 
3.089030e+00 5.990216e+01 
3.124060e+00 5.869371e+01 
3.159560e+00 5.750240e+01 
3.194710e+00 5.635977e+01 
3.229010e+00 5.527635e+01 
3.263320e+00 5.421244e+01 
3.297930e+00 5.317002e+01 
3.332830e+00 5.215021e+01 
3.368040e+00 5.114832e+01 
3.403300e+00 5.017154e+01 
3.438450e+00 4.922175e+01 
3.473060e+00 4.831093e+01 
3.508440e+00 4.740723e+01 
3.543110e+00 4.654467e+01 
3.577470e+00 4.570988e+01 
3.613040e+00 4.486872e+01 
3.648120e+00 4.406262e+01 
3.682910e+00 4.328117e+01 
3.718050e+00 4.250739e+01 
3.753320e+00 4.175314e+01 
3.787980e+00 4.103445e+01 
3.822290e+00 4.033797e+01 
3.857020e+00 3.964649e+01 
3.891920e+00 3.896921e+01 
3.926650e+00 3.831289e+01 
3.961970e+00 3.766088e+01 
3.997360e+00 3.702214e+01 
4.031670e+00 3.641779e+01 
4.066330e+00 3.582332e+01 
4.101420e+00 3.523522e+01 
4.136200e+00 3.466422e+01 
4.170810e+00 3.410880e+01 
4.206250e+00 3.355466e+01 
4.241580e+00 3.301504e+01 
4.276300e+00 3.249619e+01 
4.310970e+00 3.198922e+01 
4.346120e+00 3.148700e+01 
4.380600e+00 3.100591e+01 
4.414730e+00 3.053974e+01 
4.450350e+00 3.006328e+01 
4.485320e+00 2.960552e+01 
4.519810e+00 2.916450e+01 
4.555430e+00 2.871901e+01 
4.590870e+00 2.828575e+01 
4.625480e+00 2.787268e+01 
4.659910e+00 2.747002e+01 
4.695230e+00 2.706479e+01 
4.729960e+00 2.667429e+01 
4.764450e+00 2.629401e+01 
4.799530e+00 2.591462e+01 
4.834910e+00 2.553960e+01 
4.869700e+00 2.518102e+01 
4.904370e+00 2.483106e+01 
4.939450e+00 2.448368e+01 
4.973940e+00 2.414843e+01 
5.008430e+00 2.381949e+01 
5.043810e+00 2.348826e+01 
5.078840e+00 2.316642e+01 
5.113500e+00 2.285392e+01 
5.148890e+00 2.254364e+01 
5.184210e+00 2.223988e+01 
5.219060e+00 2.194518e+01 
5.253660e+00 2.165652e+01 
5.288570e+00 2.137054e+01 
5.323420e+00 2.109155e+01 
5.358440e+00 2.081772e+01 
5.393590e+00 2.054777e+01 
5.428310e+00 2.028561e+01 
5.462800e+00 2.002960e+01 
5.497640e+00 1.977547e+01 
5.532670e+00 1.952630e+01 
5.567280e+00 1.928496e+01 
5.602000e+00 1.904695e+01 
5.637270e+00 1.880807e+01 
5.672410e+00 1.857385e+01 
5.707020e+00 1.834705e+01 
5.742040e+00 1.812324e+01 
5.777430e+00 1.790123e+01 
5.812210e+00 1.768666e+01 
5.846820e+00 1.747648e+01 
5.881610e+00 1.726860e+01 
5.916510e+00 1.706345e+01 
5.951600e+00 1.686123e+01 
5.986560e+00 1.666332e+01 
6.021830e+00 1.646687e+01 
6.056490e+00 1.627731e+01 
6.091160e+00 1.609101e+01 
6.125830e+00 1.590763e+01 
6.161090e+00 1.572399e+01 
6.195760e+00 1.554615e+01 
6.230420e+00 1.537108e+01 
6.265690e+00 1.519572e+01 
6.300950e+00 1.502400e+01 
6.335620e+00 1.485773e+01 
6.370880e+00 1.469120e+01 
6.405550e+00 1.453037e+01 
6.440220e+00 1.437211e+01 
6.475480e+00 1.421356e+01 
6.510150e+00 1.406022e+01 
6.544810e+00 1.390971e+01 
6.580080e+00 1.375880e+01 
6.614750e+00 1.361262e+01 
6.649410e+00 1.346855e+01 
6.684080e+00 1.332649e+01 
6.719340e+00 1.318410e+01 
6.754010e+00 1.304627e+01 
6.788680e+00 1.291078e+01 
6.823940e+00 1.277495e+01 
6.859800e+00 1.263879e+01 
6.894470e+00 1.250951e+01 
6.929140e+00 1.238219e+01 
6.963800e+00 1.225667e+01 
6.999070e+00 1.213069e+01 
7.033730e+00 1.200847e+01 
7.068400e+00 1.188787e+01 
7.103660e+00 1.176690e+01 
7.138330e+00 1.164998e+01 
7.173600e+00 1.153349e+01 
7.208260e+00 1.142055e+01 
7.243530e+00 1.130716e+01 
7.277600e+00 1.119870e+01 
7.312860e+00 1.108758e+01 
7.348120e+00 1.097796e+01 
7.382790e+00 1.087159e+01 
7.417460e+00 1.076733e+01 
7.452720e+00 1.066305e+01 
7.487390e+00 1.056186e+01 
7.522650e+00 1.046026e+01 
7.557320e+00 1.036164e+01 
7.591990e+00 1.026427e+01 
7.627250e+00 1.016650e+01 
7.662510e+00 1.006999e+01 
7.697180e+00 9.976552e+00 
7.731850e+00 9.884387e+00 
7.766510e+00 9.793394e+00 
7.801180e+00 9.703503e+00 
7.836440e+00 9.613249e+00 
7.871110e+00 9.525622e+00 
7.906380e+00 9.437580e+00 
7.941040e+00 9.352125e+00 
7.976310e+00 9.266424e+00 
8.011570e+00 9.182029e+00 
8.046240e+00 9.100054e+00 
8.080900e+00 9.019085e+00 
8.115570e+00 8.939094e+00 
8.150830e+00 8.858846e+00 
8.185500e+00 8.780884e+00 
8.220770e+00 8.702517e+00 
8.255430e+00 8.626419e+00 
8.290100e+00 8.551399e+00 
8.324770e+00 8.477280e+00 
8.359430e+00 8.404042e+00 
8.394700e+00 8.330385e+00 
8.429960e+00 8.257706e+00 
8.464630e+00 8.187165e+00 
8.499890e+00 8.116251e+00 
8.534560e+00 8.047325e+00 
8.569200e+00 7.979240e+00 
