# Parameters:
# omega_b = 0.022500, omega_m = 0.137500, n_s = 0.950000, h = 69.033203, w = -1.000000,sigma_8 = 0.755000
# z = 0.250000
#
# k[1/Mpc] # Delta^2:
8.694000e-04 3.983645e-07 
2.077466e-03 1.144777e-05 
3.285532e-03 6.355520e-05 
4.493598e-03 1.979596e-04 
5.701664e-03 4.571330e-04 
6.909730e-03 8.787720e-04 
8.117797e-03 1.494535e-03 
9.325863e-03 2.324981e-03 
1.053393e-02 3.380363e-03 
1.174199e-02 4.661311e-03 
1.295006e-02 6.155722e-03 
1.415813e-02 7.847518e-03 
1.536619e-02 9.716229e-03 
1.657426e-02 1.173507e-02 
1.778233e-02 1.387498e-02 
1.899039e-02 1.612358e-02 
2.019846e-02 1.846496e-02 
2.140652e-02 2.089105e-02 
2.261459e-02 2.339238e-02 
2.382266e-02 2.597334e-02 
2.503072e-02 2.864686e-02 
2.623879e-02 3.142346e-02 
2.744685e-02 3.431789e-02 
2.865492e-02 3.735221e-02 
2.986299e-02 4.054514e-02 
3.100100e-02 4.372075e-02 
3.220400e-02 4.727300e-02 
3.288100e-02 4.937263e-02 
3.424300e-02 5.382115e-02 
3.555100e-02 5.838275e-02 
3.686000e-02 6.324654e-02 
3.795000e-02 6.752146e-02 
3.929100e-02 7.306300e-02 
4.039800e-02 7.784747e-02 
4.164000e-02 8.342046e-02 
4.294400e-02 8.944122e-02 
4.415000e-02 9.515052e-02 
4.542900e-02 1.012427e-01 
4.660900e-02 1.069167e-01 
4.782300e-02 1.126397e-01 
4.892900e-02 1.177832e-01 
5.031200e-02 1.240423e-01 
5.155900e-02 1.294530e-01 
5.238100e-02 1.328861e-01 
5.378200e-02 1.385178e-01 
5.513400e-02 1.436292e-01 
5.627600e-02 1.477071e-01 
5.735300e-02 1.514037e-01 
5.870100e-02 1.558736e-01 
5.988700e-02 1.596911e-01 
6.113500e-02 1.636479e-01 
6.225900e-02 1.671850e-01 
6.340100e-02 1.708737e-01 
6.480200e-02 1.755281e-01 
6.601100e-02 1.797422e-01 
6.725500e-02 1.843174e-01 
6.829100e-02 1.884027e-01 
6.958600e-02 1.938169e-01 
7.071100e-02 1.988709e-01 
7.192300e-02 2.046469e-01 
7.307400e-02 2.104545e-01 
7.412300e-02 2.160288e-01 
7.550400e-02 2.238144e-01 
7.663100e-02 2.304419e-01 
7.791200e-02 2.383178e-01 
7.912700e-02 2.459929e-01 
8.027600e-02 2.534348e-01 
8.138400e-02 2.607063e-01 
8.272200e-02 2.695213e-01 
8.406100e-02 2.783292e-01 
8.534100e-02 2.865714e-01 
8.653800e-02 2.941160e-01 
8.759800e-02 3.006440e-01 
8.900300e-02 3.089730e-01 
9.009000e-02 3.150919e-01 
9.113300e-02 3.207088e-01 
9.239600e-02 3.272825e-01 
9.358000e-02 3.331321e-01 
9.496100e-02 3.395211e-01 
9.608400e-02 3.445236e-01 
9.727500e-02 3.496827e-01 
9.852600e-02 3.548572e-01 
9.973800e-02 3.598202e-01 
1.009000e-01 3.645358e-01 
1.020900e-01 3.694500e-01 
1.034000e-01 3.749481e-01 
1.046000e-01 3.800909e-01 
1.057200e-01 3.851445e-01 
1.069100e-01 3.906506e-01 
1.082500e-01 3.973380e-01 
1.093900e-01 4.033216e-01 
1.105400e-01 4.095471e-01 
1.116900e-01 4.162721e-01 
1.129600e-01 4.239046e-01 
1.142000e-01 4.317944e-01 
1.153300e-01 4.391918e-01 
1.166400e-01 4.480817e-01 
1.177800e-01 4.560212e-01 
1.190000e-01 4.646629e-01 
1.201200e-01 4.726711e-01 
1.213400e-01 4.814792e-01 
1.227100e-01 4.913418e-01 
1.238900e-01 4.998580e-01 
1.250700e-01 5.082186e-01 
1.263200e-01 5.170226e-01 
1.275500e-01 5.254616e-01 
1.287500e-01 5.336252e-01 
1.299900e-01 5.419072e-01 
1.311300e-01 5.493964e-01 
1.323500e-01 5.571895e-01 
1.335900e-01 5.650290e-01 
1.347100e-01 5.719776e-01 
1.359800e-01 5.798158e-01 
1.372100e-01 5.872886e-01 
1.384300e-01 5.946865e-01 
1.395700e-01 6.015258e-01 
1.407700e-01 6.087437e-01 
1.420300e-01 6.163357e-01 
1.432800e-01 6.238883e-01 
1.444500e-01 6.310177e-01 
1.456300e-01 6.382269e-01 
1.468900e-01 6.461208e-01 
1.480500e-01 6.534639e-01 
1.491700e-01 6.606575e-01 
1.503800e-01 6.685622e-01 
1.516400e-01 6.768802e-01 
1.528200e-01 6.849496e-01 
1.540200e-01 6.931909e-01 
1.551900e-01 7.014370e-01 
1.564300e-01 7.102615e-01 
1.576600e-01 7.191900e-01 
1.588700e-01 7.281813e-01 
1.600900e-01 7.373000e-01 
1.612700e-01 7.462490e-01 
1.625400e-01 7.559341e-01 
1.637600e-01 7.653538e-01 
1.649500e-01 7.746309e-01 
1.662200e-01 7.845758e-01 
1.674000e-01 7.937983e-01 
1.685000e-01 8.024392e-01 
1.697500e-01 8.122347e-01 
1.710300e-01 8.222433e-01 
1.722200e-01 8.315961e-01 
1.734400e-01 8.410418e-01 
1.746400e-01 8.503675e-01 
1.758700e-01 8.599301e-01 
1.770900e-01 8.693740e-01 
1.782700e-01 8.785474e-01 
1.794600e-01 8.877194e-01 
1.807000e-01 8.972346e-01 
1.819100e-01 9.065562e-01 
1.830100e-01 9.149553e-01 
1.842200e-01 9.242076e-01 
1.855000e-01 9.340345e-01 
1.867000e-01 9.433561e-01 
1.879200e-01 9.528679e-01 
1.890900e-01 9.620328e-01 
1.902800e-01 9.714403e-01 
1.915200e-01 9.812797e-01 
1.926900e-01 9.906278e-01 
1.939000e-01 1.000431e+00 
1.951700e-01 1.010760e+00 
1.963100e-01 1.020101e+00 
1.975100e-01 1.030061e+00 
1.987800e-01 1.040644e+00 
2.000100e-01 1.050976e+00 
2.012500e-01 1.061528e+00 
2.023400e-01 1.070840e+00 
2.036100e-01 1.081745e+00 
2.048900e-01 1.092828e+00 
2.060400e-01 1.102828e+00 
2.072200e-01 1.113134e+00 
2.084200e-01 1.123714e+00 
2.096900e-01 1.134960e+00 
2.109200e-01 1.145898e+00 
2.121100e-01 1.156513e+00 
2.132700e-01 1.166901e+00 
2.145200e-01 1.178140e+00 
2.157200e-01 1.188974e+00 
2.168800e-01 1.199488e+00 
2.180700e-01 1.210316e+00 
2.193400e-01 1.221917e+00 
2.206000e-01 1.233473e+00 
2.217500e-01 1.244061e+00 
2.229500e-01 1.255153e+00 
2.241400e-01 1.266198e+00 
2.253500e-01 1.277473e+00 
2.264900e-01 1.288137e+00 
2.277100e-01 1.299630e+00 
2.289900e-01 1.311780e+00 
2.301500e-01 1.322836e+00 
2.313600e-01 1.334413e+00 
2.325600e-01 1.345930e+00 
2.337700e-01 1.357588e+00 
2.350000e-01 1.369486e+00 
2.362000e-01 1.381171e+00 
2.374100e-01 1.393037e+00 
2.386500e-01 1.405246e+00 
2.399100e-01 1.417704e+00 
2.410400e-01 1.428894e+00 
2.422500e-01 1.440919e+00 
2.435000e-01 1.453391e+00 
2.447300e-01 1.465741e+00 
2.458700e-01 1.477345e+00 
2.470600e-01 1.489505e+00 
2.483300e-01 1.502536e+00 
2.495600e-01 1.515231e+00 
2.507600e-01 1.527700e+00 
2.519600e-01 1.540217e+00 
2.532200e-01 1.553415e+00 
2.543700e-01 1.565537e+00 
2.555500e-01 1.578045e+00 
2.568000e-01 1.591347e+00 
2.580100e-01 1.604277e+00 
2.592400e-01 1.617513e+00 
2.604100e-01 1.630172e+00 
2.616100e-01 1.643207e+00 
2.628400e-01 1.656621e+00 
2.640600e-01 1.669951e+00 
2.652200e-01 1.682663e+00 
2.664300e-01 1.695974e+00 
2.676500e-01 1.709449e+00 
2.688400e-01 1.722626e+00 
2.700700e-01 1.736288e+00 
2.712400e-01 1.749333e+00 
2.724800e-01 1.763213e+00 
2.736700e-01 1.776617e+00 
2.748800e-01 1.790332e+00 
2.761000e-01 1.804215e+00 
2.773200e-01 1.818152e+00 
2.785400e-01 1.832104e+00 
2.797000e-01 1.845336e+00 
2.808900e-01 1.858960e+00 
2.821400e-01 1.873324e+00 
2.833900e-01 1.887747e+00 
2.845500e-01 1.901257e+00 
2.857800e-01 1.915636e+00 
2.870300e-01 1.930305e+00 
2.882100e-01 1.944204e+00 
2.893900e-01 1.958078e+00 
2.906300e-01 1.972669e+00 
2.918900e-01 1.987550e+00 
2.930500e-01 2.001301e+00 
2.942500e-01 2.015594e+00 
2.954200e-01 2.029640e+00 
2.966500e-01 2.044459e+00 
2.978900e-01 2.059455e+00 
2.990400e-01 2.073412e+00 
3.002700e-01 2.088380e+00 
3.015100e-01 2.103517e+00 
3.026800e-01 2.117852e+00 
3.038500e-01 2.132236e+00 
3.050300e-01 2.146792e+00 
3.062600e-01 2.161890e+00 
3.075000e-01 2.177165e+00 
3.087000e-01 2.191998e+00 
3.099100e-01 2.207008e+00 
3.111200e-01 2.222137e+00 
3.123100e-01 2.237185e+00 
3.135300e-01 2.252668e+00 
3.147300e-01 2.267952e+00 
3.159900e-01 2.284057e+00 
3.171800e-01 2.299302e+00 
3.183700e-01 2.314586e+00 
3.196300e-01 2.330828e+00 
3.208400e-01 2.346480e+00 
3.220300e-01 2.361927e+00 
3.232000e-01 2.377139e+00 
3.244300e-01 2.393176e+00 
3.256700e-01 2.409400e+00 
3.269200e-01 2.425813e+00 
3.280800e-01 2.441096e+00 
3.292500e-01 2.456701e+00 
3.304800e-01 2.473207e+00 
3.317100e-01 2.489773e+00 
3.328900e-01 2.505721e+00 
3.340700e-01 2.521723e+00 
3.353600e-01 2.539240e+00 
3.365300e-01 2.555169e+00 
3.377100e-01 2.571288e+00 
3.389200e-01 2.587873e+00 
3.401600e-01 2.604929e+00 
3.413700e-01 2.621665e+00 
3.425300e-01 2.637788e+00 
3.437700e-01 2.655082e+00 
3.449800e-01 2.672017e+00 
3.461800e-01 2.688869e+00 
3.473600e-01 2.705548e+00 
3.485800e-01 2.722976e+00 
3.498100e-01 2.740611e+00 
3.510200e-01 2.758020e+00 
3.522000e-01 2.775056e+00 
3.533900e-01 2.792296e+00 
3.546400e-01 2.810401e+00 
3.558400e-01 2.827839e+00 
3.570600e-01 2.845629e+00 
3.582700e-01 2.863334e+00 
3.595000e-01 2.881394e+00 
3.607100e-01 2.899254e+00 
3.618900e-01 2.916757e+00 
3.631200e-01 2.935064e+00 
3.643200e-01 2.952986e+00 
3.655500e-01 2.971419e+00 
3.667300e-01 2.989164e+00 
3.679500e-01 3.007738e+00 
3.691900e-01 3.026683e+00 
3.703600e-01 3.044622e+00 
3.715700e-01 3.063237e+00 
3.727700e-01 3.081762e+00 
3.739900e-01 3.100638e+00 
3.752000e-01 3.119382e+00 
3.763900e-01 3.137879e+00 
3.775800e-01 3.156438e+00 
3.788200e-01 3.175843e+00 
3.800300e-01 3.194845e+00 
3.812100e-01 3.213462e+00 
3.824200e-01 3.232633e+00 
3.836100e-01 3.251552e+00 
3.848600e-01 3.271492e+00 
3.860400e-01 3.290381e+00 
3.872400e-01 3.309653e+00 
3.884600e-01 3.329255e+00 
3.896500e-01 3.348417e+00 
3.908700e-01 3.368127e+00 
3.920600e-01 3.387416e+00 
3.933100e-01 3.407746e+00 
3.945300e-01 3.427656e+00 
3.957200e-01 3.447183e+00 
3.969300e-01 3.467117e+00 
3.981700e-01 3.487613e+00 
3.993500e-01 3.507183e+00 
4.094840e-01 3.678178e+00 
4.272360e-01 3.987572e+00 
4.454600e-01 4.319448e+00 
4.630560e-01 4.651992e+00 
4.804610e-01 4.993308e+00 
4.980690e-01 5.350943e+00 
5.159230e-01 5.725804e+00 
5.317440e-01 6.069559e+00 
5.489640e-01 6.454869e+00 
5.671990e-01 6.878109e+00 
5.838690e-01 7.276813e+00 
6.018840e-01 7.721722e+00 
6.202330e-01 8.189618e+00 
6.379250e-01 8.653937e+00 
6.545410e-01 9.104073e+00 
6.714560e-01 9.574151e+00 
6.892080e-01 1.008052e+01 
7.066010e-01 1.059041e+01 
7.240540e-01 1.111509e+01 
7.420450e-01 1.166725e+01 
7.593780e-01 1.221281e+01 
7.764720e-01 1.276279e+01 
7.942840e-01 1.334727e+01 
8.116170e-01 1.392673e+01 
8.288310e-01 1.451048e+01 
8.462240e-01 1.511193e+01 
8.631980e-01 1.571014e+01 
8.810700e-01 1.634980e+01 
8.989410e-01 1.699687e+01 
9.166330e-01 1.764729e+01 
9.345640e-01 1.831491e+01 
9.515980e-01 1.895850e+01 
9.688720e-01 1.961838e+01 
9.865640e-01 2.030033e+01 
1.031870e+00 2.207929e+01 
1.063490e+00 2.334201e+01 
1.097920e+00 2.474424e+01 
1.134370e+00 2.624833e+01 
1.167730e+00 2.764469e+01 
1.203830e+00 2.916886e+01 
1.240470e+00 3.074013e+01 
1.275790e+00 3.226248e+01 
1.309140e+00 3.371510e+01 
1.342970e+00 3.519859e+01 
1.378420e+00 3.676557e+01 
1.413200e+00 3.831097e+01 
1.448110e+00 3.986941e+01 
1.484090e+00 4.148458e+01 
1.518820e+00 4.305864e+01 
1.552880e+00 4.459722e+01 
1.588630e+00 4.622293e+01 
1.623230e+00 4.779996e+01 
1.657720e+00 4.938003e+01 
1.692450e+00 5.097725e+01 
1.726400e+00 5.252751e+01 
1.762200e+00 5.417586e+01 
1.797880e+00 5.582004e+01 
1.833270e+00 5.745549e+01 
1.869070e+00 5.911489e+01 
1.903200e+00 6.068785e+01 
1.937740e+00 6.228311e+01 
1.973190e+00 6.392866e+01 
2.007440e+00 6.551720e+01 
2.042160e+00 6.712574e+01 
2.077900e+00 6.877907e+01 
2.112390e+00 7.037218e+01 
2.146220e+00 7.194490e+01 
2.181600e+00 7.357391e+01 
2.216930e+00 7.520594e+01 
2.250760e+00 7.676930e+01 
2.286500e+00 7.841723e+01 
2.321770e+00 8.003963e+01 
2.355950e+00 8.160698e+01 
2.391280e+00 8.323562e+01 
2.426240e+00 8.484438e+01 
2.460670e+00 8.642470e+01 
2.495640e+00 8.802550e+01 
2.531080e+00 8.964102e+01 
2.566220e+00 9.123704e+01 
2.600830e+00 9.280438e+01 
2.635080e+00 9.435129e+01 
2.670340e+00 9.595085e+01 
2.705970e+00 9.756260e+01 
2.740040e+00 9.909942e+01 
2.774520e+00 1.006469e+02 
2.809730e+00 1.022324e+02 
2.844390e+00 1.037931e+02 
2.879960e+00 1.053872e+02 
2.914860e+00 1.069449e+02 
2.949410e+00 1.084826e+02 
2.984440e+00 1.100331e+02 
3.019760e+00 1.115897e+02 
3.054730e+00 1.131267e+02 
3.089030e+00 1.146406e+02 
3.124060e+00 1.161821e+02 
3.159560e+00 1.177377e+02 
3.194710e+00 1.192820e+02 
3.229010e+00 1.207874e+02 
3.263320e+00 1.222690e+02 
3.297930e+00 1.237638e+02 
3.332830e+00 1.252747e+02 
3.368040e+00 1.268017e+02 
3.403300e+00 1.283326e+02 
3.438450e+00 1.298496e+02 
3.473060e+00 1.313392e+02 
3.508440e+00 1.328519e+02 
3.543110e+00 1.343302e+02 
3.577470e+00 1.357871e+02 
3.613040e+00 1.372941e+02 
3.648120e+00 1.387836e+02 
3.682910e+00 1.402554e+02 
3.718050e+00 1.417344e+02 
3.753320e+00 1.432190e+02 
3.787980e+00 1.446803e+02 
3.822290e+00 1.461213e+02 
3.857020e+00 1.475729e+02 
3.891920e+00 1.490313e+02 
3.926650e+00 1.504851e+02 
3.961970e+00 1.519582e+02 
3.997360e+00 1.534262e+02 
4.031670e+00 1.548476e+02 
4.066330e+00 1.562887e+02 
4.101420e+00 1.577435e+02 
4.136200e+00 1.591753e+02 
4.170810e+00 1.605961e+02 
4.206250e+00 1.620426e+02 
4.241580e+00 1.634795e+02 
4.276300e+00 1.649050e+02 
4.310970e+00 1.663344e+02 
4.346120e+00 1.677716e+02 
4.380600e+00 1.691634e+02 
4.414730e+00 1.705376e+02 
4.450350e+00 1.719958e+02 
4.485320e+00 1.734233e+02 
4.519810e+00 1.748124e+02 
4.555430e+00 1.762358e+02 
4.590870e+00 1.776562e+02 
4.625480e+00 1.790580e+02 
4.659910e+00 1.804483e+02 
4.695230e+00 1.818667e+02 
4.729960e+00 1.832566e+02 
4.764450e+00 1.846370e+02 
4.799530e+00 1.860443e+02 
4.834910e+00 1.874592e+02 
4.869700e+00 1.888421e+02 
4.904370e+00 1.902150e+02 
4.939450e+00 1.916032e+02 
4.973940e+00 1.929728e+02 
5.008430e+00 1.943382e+02 
5.043810e+00 1.957422e+02 
5.078840e+00 1.971327e+02 
5.113500e+00 1.985042e+02 
5.148890e+00 1.998957e+02 
5.184210e+00 2.012797e+02 
5.219060e+00 2.026441e+02 
5.253660e+00 2.040040e+02 
5.288570e+00 2.053718e+02 
5.323420e+00 2.067387e+02 
5.358440e+00 2.081148e+02 
5.393590e+00 2.094917e+02 
5.428310e+00 2.108451e+02 
5.462800e+00 2.121840e+02 
5.497640e+00 2.135321e+02 
5.532670e+00 2.148926e+02 
5.567280e+00 2.162355e+02 
5.602000e+00 2.175786e+02 
5.637270e+00 2.189490e+02 
5.672410e+00 2.203125e+02 
5.707020e+00 2.216514e+02 
5.742040e+00 2.229988e+02 
5.777430e+00 2.243555e+02 
5.812210e+00 2.256844e+02 
5.846820e+00 2.270125e+02 
5.881610e+00 2.283459e+02 
5.916510e+00 2.296793e+02 
5.951600e+00 2.310251e+02 
5.986560e+00 2.323660e+02 
6.021830e+00 2.337145e+02 
6.056490e+00 2.350334e+02 
6.091160e+00 2.363466e+02 
6.125830e+00 2.376556e+02 
6.161090e+00 2.389866e+02 
6.195760e+00 2.402999e+02 
6.230420e+00 2.416086e+02 
6.265690e+00 2.429366e+02 
6.300950e+00 2.442740e+02 
6.335620e+00 2.455850e+02 
6.370880e+00 2.469141e+02 
6.405550e+00 2.482137e+02 
6.440220e+00 2.495078e+02 
6.475480e+00 2.508196e+02 
6.510150e+00 2.521096e+02 
6.544810e+00 2.534048e+02 
6.580080e+00 2.547187e+02 
6.614750e+00 2.560062e+02 
6.649410e+00 2.573006e+02 
6.684080e+00 2.585937e+02 
6.719340e+00 2.599047e+02 
6.754010e+00 2.611887e+02 
6.788680e+00 2.624659e+02 
6.823940e+00 2.637607e+02 
6.859800e+00 2.650731e+02 
6.894470e+00 2.663482e+02 
6.929140e+00 2.676231e+02 
6.963800e+00 2.688936e+02 
6.999070e+00 2.701822e+02 
7.033730e+00 2.714411e+02 
7.068400e+00 2.726964e+02 
7.103660e+00 2.739688e+02 
7.138330e+00 2.752206e+02 
7.173600e+00 2.764997e+02 
7.208260e+00 2.777527e+02 
7.243530e+00 2.790236e+02 
7.277600e+00 2.802458e+02 
7.312860e+00 2.815051e+02 
7.348120e+00 2.827602e+02 
7.382790e+00 2.839902e+02 
7.417460e+00 2.852255e+02 
7.452720e+00 2.864825e+02 
7.487390e+00 2.877145e+02 
7.522650e+00 2.889633e+02 
7.557320e+00 2.901977e+02 
7.591990e+00 2.914321e+02 
7.627250e+00 2.926836e+02 
7.662510e+00 2.939309e+02 
7.697180e+00 2.951398e+02 
7.731850e+00 2.963394e+02 
7.766510e+00 2.975345e+02 
7.801180e+00 2.987258e+02 
7.836440e+00 2.999528e+02 
7.871110e+00 3.011674e+02 
7.906380e+00 3.023992e+02 
7.941040e+00 3.036057e+02 
7.976310e+00 3.048282e+02 
8.011570e+00 3.060448e+02 
8.046240e+00 3.072372e+02 
8.080900e+00 3.084252e+02 
8.115570e+00 3.096094e+02 
8.150830e+00 3.108084e+02 
8.185500e+00 3.119834e+02 
8.220770e+00 3.131746e+02 
8.255430e+00 3.143412e+02 
8.290100e+00 3.155174e+02 
8.324770e+00 3.166913e+02 
8.359430e+00 3.178610e+02 
8.394700e+00 3.190472e+02 
8.429960e+00 3.202285e+02 
8.464630e+00 3.213854e+02 
8.499890e+00 3.225580e+02 
8.534560e+00 3.237071e+02 
8.569200e+00 3.248511e+02 
