# Parameters:
# omega_b = 0.022500, omega_m = 0.137500, n_s = 0.950000, h = 69.033203, w = -1.000000,sigma_8 = 0.755000
# z = 0.310000
#
# k[1/Mpc] # Delta^2 / k^1.5:
8.694000e-04 1.466237e-02 
2.077466e-03 1.141574e-01 
3.285532e-03 3.186324e-01 
4.493598e-03 6.204465e-01 
5.701664e-03 1.002267e+00 
6.909730e-03 1.443921e+00 
8.117797e-03 1.928126e+00 
9.325863e-03 2.435643e+00 
1.053393e-02 2.949544e+00 
1.174199e-02 3.455616e+00 
1.295006e-02 3.939569e+00 
1.415813e-02 4.392902e+00 
1.536619e-02 4.809856e+00 
1.657426e-02 5.185390e+00 
1.778233e-02 5.516740e+00 
1.899039e-02 5.808716e+00 
2.019846e-02 6.063852e+00 
2.140652e-02 6.287188e+00 
2.261459e-02 6.482567e+00 
2.382266e-02 6.656499e+00 
2.503072e-02 6.815789e+00 
2.623879e-02 6.965273e+00 
2.744685e-02 7.109484e+00 
2.865492e-02 7.253234e+00 
2.986299e-02 7.399724e+00 
3.100100e-02 7.543442e+00 
3.220400e-02 7.703163e+00 
3.288100e-02 7.797816e+00 
3.424300e-02 7.997969e+00 
3.555100e-02 8.201241e+00 
3.686000e-02 8.415352e+00 
3.795000e-02 8.599886e+00 
3.929100e-02 8.833597e+00 
4.039800e-02 9.028110e+00 
4.164000e-02 9.245176e+00 
4.294400e-02 9.464960e+00 
4.415000e-02 9.659823e+00 
4.542900e-02 9.848037e+00 
4.660900e-02 1.000774e+01 
4.782300e-02 1.014488e+01 
4.892900e-02 1.025095e+01 
5.031200e-02 1.035382e+01 
5.155900e-02 1.041575e+01 
5.238100e-02 1.044135e+01 
5.378200e-02 1.046083e+01 
5.513400e-02 1.044982e+01 
5.627600e-02 1.042068e+01 
5.735300e-02 1.038132e+01 
5.870100e-02 1.032031e+01 
5.988700e-02 1.025938e+01 
6.113500e-02 1.019199e+01 
6.225900e-02 1.013096e+01 
6.340100e-02 1.007461e+01 
6.480200e-02 1.001353e+01 
6.601100e-02 9.972391e+00 
6.725500e-02 9.942928e+00 
6.829100e-02 9.932139e+00 
6.958600e-02 9.932475e+00 
7.071100e-02 9.948198e+00 
7.192300e-02 9.978715e+00 
7.307400e-02 1.002002e+01 
7.412300e-02 1.006756e+01 
7.550400e-02 1.014505e+01 
7.663100e-02 1.021573e+01 
7.791200e-02 1.030536e+01 
7.912700e-02 1.039383e+01 
8.027600e-02 1.047930e+01 
8.138400e-02 1.056070e+01 
8.272200e-02 1.065452e+01 
8.406100e-02 1.074140e+01 
8.534100e-02 1.081224e+01 
8.653800e-02 1.086739e+01 
8.759800e-02 1.090748e+01 
8.900300e-02 1.094534e+01 
9.009000e-02 1.096094e+01 
9.113300e-02 1.096508e+01 
9.239600e-02 1.096050e+01 
9.358000e-02 1.094445e+01 
9.496100e-02 1.091073e+01 
9.608400e-02 1.087672e+01 
9.727500e-02 1.083589e+01 
9.852600e-02 1.078540e+01 
9.973800e-02 1.073542e+01 
1.009000e-01 1.068671e+01 
1.020900e-01 1.063947e+01 
1.034000e-01 1.059049e+01 
1.046000e-01 1.054897e+01 
1.057200e-01 1.051786e+01 
1.069100e-01 1.048850e+01 
1.082500e-01 1.046776e+01 
1.093900e-01 1.045766e+01 
1.105400e-01 1.045191e+01 
1.116900e-01 1.045806e+01 
1.129600e-01 1.046881e+01 
1.142000e-01 1.048906e+01 
1.153300e-01 1.051112e+01 
1.166400e-01 1.054239e+01 
1.177800e-01 1.057295e+01 
1.190000e-01 1.060732e+01 
1.201200e-01 1.063926e+01 
1.213400e-01 1.067420e+01 
1.227100e-01 1.071066e+01 
1.238900e-01 1.074080e+01 
1.250700e-01 1.076625e+01 
1.263200e-01 1.079067e+01 
1.275500e-01 1.080887e+01 
1.287500e-01 1.082379e+01 
1.299900e-01 1.083463e+01 
1.311300e-01 1.084125e+01 
1.323500e-01 1.084324e+01 
1.335900e-01 1.084275e+01 
1.347100e-01 1.083895e+01 
1.359800e-01 1.083312e+01 
1.372100e-01 1.082437e+01 
1.384300e-01 1.081488e+01 
1.395700e-01 1.080408e+01 
1.407700e-01 1.079266e+01 
1.420300e-01 1.078007e+01 
1.432800e-01 1.076758e+01 
1.444500e-01 1.075666e+01 
1.456300e-01 1.074566e+01 
1.468900e-01 1.073655e+01 
1.480500e-01 1.072896e+01 
1.491700e-01 1.072310e+01 
1.503800e-01 1.071867e+01 
1.516400e-01 1.071497e+01 
1.528200e-01 1.071550e+01 
1.540200e-01 1.071604e+01 
1.551900e-01 1.071973e+01 
1.564300e-01 1.072443e+01 
1.576600e-01 1.073105e+01 
1.588700e-01 1.073995e+01 
1.600900e-01 1.074903e+01 
1.612700e-01 1.075956e+01 
1.625400e-01 1.077091e+01 
1.637600e-01 1.078265e+01 
1.649500e-01 1.079459e+01 
1.662200e-01 1.080721e+01 
1.674000e-01 1.081815e+01 
1.685000e-01 1.082836e+01 
1.697500e-01 1.083893e+01 
1.710300e-01 1.084872e+01 
1.722200e-01 1.085783e+01 
1.734400e-01 1.086456e+01 
1.746400e-01 1.087108e+01 
1.758700e-01 1.087709e+01 
1.770900e-01 1.088169e+01 
1.782700e-01 1.088613e+01 
1.794600e-01 1.088919e+01 
1.807000e-01 1.089141e+01 
1.819100e-01 1.089358e+01 
1.830100e-01 1.089436e+01 
1.842200e-01 1.089502e+01 
1.855000e-01 1.089574e+01 
1.867000e-01 1.089694e+01 
1.879200e-01 1.089816e+01 
1.890900e-01 1.089945e+01 
1.902800e-01 1.090140e+01 
1.915200e-01 1.090342e+01 
1.926900e-01 1.090567e+01 
1.939000e-01 1.090907e+01 
1.951700e-01 1.091264e+01 
1.963100e-01 1.091623e+01 
1.975100e-01 1.092108e+01 
1.987800e-01 1.092622e+01 
2.000100e-01 1.093162e+01 
2.012500e-01 1.093808e+01 
2.023400e-01 1.094376e+01 
2.036100e-01 1.095055e+01 
2.048900e-01 1.095804e+01 
2.060400e-01 1.096478e+01 
2.072200e-01 1.097175e+01 
2.084200e-01 1.097947e+01 
2.096900e-01 1.098764e+01 
2.109200e-01 1.099556e+01 
2.121100e-01 1.100330e+01 
2.132700e-01 1.101084e+01 
2.145200e-01 1.101898e+01 
2.157200e-01 1.102685e+01 
2.168800e-01 1.103449e+01 
2.180700e-01 1.104234e+01 
2.193400e-01 1.105075e+01 
2.206000e-01 1.105917e+01 
2.217500e-01 1.106685e+01 
2.229500e-01 1.107488e+01 
2.241400e-01 1.108305e+01 
2.253500e-01 1.109137e+01 
2.264900e-01 1.109922e+01 
2.277100e-01 1.110795e+01 
2.289900e-01 1.111750e+01 
2.301500e-01 1.112615e+01 
2.313600e-01 1.113519e+01 
2.325600e-01 1.114445e+01 
2.337700e-01 1.115380e+01 
2.350000e-01 1.116331e+01 
2.362000e-01 1.117295e+01 
2.374100e-01 1.118310e+01 
2.386500e-01 1.119352e+01 
2.399100e-01 1.120411e+01 
2.410400e-01 1.121379e+01 
2.422500e-01 1.122419e+01 
2.435000e-01 1.123495e+01 
2.447300e-01 1.124574e+01 
2.458700e-01 1.125655e+01 
2.470600e-01 1.126785e+01 
2.483300e-01 1.127992e+01 
2.495600e-01 1.129183e+01 
2.507600e-01 1.130373e+01 
2.519600e-01 1.131565e+01 
2.532200e-01 1.132818e+01 
2.543700e-01 1.133977e+01 
2.555500e-01 1.135179e+01 
2.568000e-01 1.136453e+01 
2.580100e-01 1.137688e+01 
2.592400e-01 1.138956e+01 
2.604100e-01 1.140168e+01 
2.616100e-01 1.141413e+01 
2.628400e-01 1.142690e+01 
2.640600e-01 1.143929e+01 
2.652200e-01 1.145097e+01 
2.664300e-01 1.146317e+01 
2.676500e-01 1.147548e+01 
2.688400e-01 1.148725e+01 
2.700700e-01 1.149928e+01 
2.712400e-01 1.151073e+01 
2.724800e-01 1.152288e+01 
2.736700e-01 1.153452e+01 
2.748800e-01 1.154632e+01 
2.761000e-01 1.155824e+01 
2.773200e-01 1.157017e+01 
2.785400e-01 1.158185e+01 
2.797000e-01 1.159242e+01 
2.808900e-01 1.160328e+01 
2.821400e-01 1.161470e+01 
2.833900e-01 1.162613e+01 
2.845500e-01 1.163680e+01 
2.857800e-01 1.164814e+01 
2.870300e-01 1.165966e+01 
2.882100e-01 1.167056e+01 
2.893900e-01 1.168100e+01 
2.906300e-01 1.169175e+01 
2.918900e-01 1.170267e+01 
2.930500e-01 1.171274e+01 
2.942500e-01 1.172320e+01 
2.954200e-01 1.173353e+01 
2.966500e-01 1.174439e+01 
2.978900e-01 1.175535e+01 
2.990400e-01 1.176553e+01 
3.002700e-01 1.177629e+01 
3.015100e-01 1.178709e+01 
3.026800e-01 1.179728e+01 
3.038500e-01 1.180748e+01 
3.050300e-01 1.181777e+01 
3.062600e-01 1.182797e+01 
3.075000e-01 1.183826e+01 
3.087000e-01 1.184822e+01 
3.099100e-01 1.185828e+01 
3.111200e-01 1.186858e+01 
3.123100e-01 1.187913e+01 
3.135300e-01 1.188995e+01 
3.147300e-01 1.190061e+01 
3.159900e-01 1.191180e+01 
3.171800e-01 1.192233e+01 
3.183700e-01 1.193282e+01 
3.196300e-01 1.194394e+01 
3.208400e-01 1.195463e+01 
3.220300e-01 1.196515e+01 
3.232000e-01 1.197546e+01 
3.244300e-01 1.198629e+01 
3.256700e-01 1.199722e+01 
3.269200e-01 1.200825e+01 
3.280800e-01 1.201849e+01 
3.292500e-01 1.202934e+01 
3.304800e-01 1.204092e+01 
3.317100e-01 1.205251e+01 
3.328900e-01 1.206364e+01 
3.340700e-01 1.207478e+01 
3.353600e-01 1.208693e+01 
3.365300e-01 1.209794e+01 
3.377100e-01 1.210906e+01 
3.389200e-01 1.212047e+01 
3.401600e-01 1.213217e+01 
3.413700e-01 1.214377e+01 
3.425300e-01 1.215503e+01 
3.437700e-01 1.216708e+01 
3.449800e-01 1.217884e+01 
3.461800e-01 1.219052e+01 
3.473600e-01 1.220221e+01 
3.485800e-01 1.221476e+01 
3.498100e-01 1.222742e+01 
3.510200e-01 1.223989e+01 
3.522000e-01 1.225207e+01 
3.533900e-01 1.226436e+01 
3.546400e-01 1.227723e+01 
3.558400e-01 1.228959e+01 
3.570600e-01 1.230218e+01 
3.582700e-01 1.231467e+01 
3.595000e-01 1.232738e+01 
3.607100e-01 1.234006e+01 
3.618900e-01 1.235255e+01 
3.631200e-01 1.236560e+01 
3.643200e-01 1.237833e+01 
3.655500e-01 1.239140e+01 
3.667300e-01 1.240395e+01 
3.679500e-01 1.241757e+01 
3.691900e-01 1.243144e+01 
3.703600e-01 1.244453e+01 
3.715700e-01 1.245809e+01 
3.727700e-01 1.247154e+01 
3.739900e-01 1.248520e+01 
3.752000e-01 1.249867e+01 
3.763900e-01 1.251193e+01 
3.775800e-01 1.252520e+01 
3.788200e-01 1.253905e+01 
3.800300e-01 1.255258e+01 
3.812100e-01 1.256581e+01 
3.824200e-01 1.257941e+01 
3.836100e-01 1.259280e+01 
3.848600e-01 1.260688e+01 
3.860400e-01 1.262019e+01 
3.872400e-01 1.263373e+01 
3.884600e-01 1.264757e+01 
3.896500e-01 1.266110e+01 
3.908700e-01 1.267498e+01 
3.920600e-01 1.268854e+01 
3.933100e-01 1.270279e+01 
3.945300e-01 1.271672e+01 
3.957200e-01 1.273038e+01 
3.969300e-01 1.274430e+01 
3.981700e-01 1.275858e+01 
3.993500e-01 1.277218e+01 
4.094840e-01 1.288985e+01 
4.272360e-01 1.309635e+01 
4.454600e-01 1.330773e+01 
4.630560e-01 1.350749e+01 
4.804610e-01 1.370206e+01 
4.980690e-01 1.389626e+01 
5.159230e-01 1.408932e+01 
5.317440e-01 1.426028e+01 
5.489640e-01 1.444277e+01 
5.671990e-01 1.463645e+01 
5.838690e-01 1.481187e+01 
6.018840e-01 1.500166e+01 
6.202330e-01 1.519465e+01 
6.379250e-01 1.537815e+01 
6.545410e-01 1.555187e+01 
6.714560e-01 1.572735e+01 
6.892080e-01 1.590971e+01 
7.066010e-01 1.608684e+01 
7.240540e-01 1.626366e+01 
7.420450e-01 1.644324e+01 
7.593780e-01 1.661358e+01 
7.764720e-01 1.678017e+01 
7.942840e-01 1.695113e+01 
8.116170e-01 1.711260e+01 
8.288310e-01 1.726900e+01 
8.462240e-01 1.742378e+01 
8.631980e-01 1.757290e+01 
8.810700e-01 1.772638e+01 
8.989410e-01 1.787464e+01 
9.166330e-01 1.801736e+01 
9.345640e-01 1.815654e+01 
9.515980e-01 1.828591e+01 
9.688720e-01 1.841353e+01 
9.865640e-01 1.853890e+01 
1.031870e+00 1.883999e+01 
1.063490e+00 1.903209e+01 
1.097920e+00 1.922852e+01 
1.134370e+00 1.942053e+01 
1.167730e+00 1.958086e+01 
1.203830e+00 1.973889e+01 
1.240470e+00 1.988740e+01 
1.275790e+00 2.001324e+01 
1.309140e+00 2.012284e+01 
1.342970e+00 2.022169e+01 
1.378420e+00 2.031643e+01 
1.413200e+00 2.039745e+01 
1.448110e+00 2.046919e+01 
1.484090e+00 2.053407e+01 
1.518820e+00 2.059098e+01 
1.552880e+00 2.063404e+01 
1.588630e+00 2.067459e+01 
1.623230e+00 2.070633e+01 
1.657720e+00 2.073253e+01 
1.692450e+00 2.075486e+01 
1.726400e+00 2.076554e+01 
1.762200e+00 2.077396e+01 
1.797880e+00 2.077702e+01 
1.833270e+00 2.077641e+01 
1.869070e+00 2.077115e+01 
1.903200e+00 2.076056e+01 
1.937740e+00 2.074651e+01 
1.973190e+00 2.072989e+01 
2.007440e+00 2.070995e+01 
2.042160e+00 2.068602e+01 
2.077900e+00 2.065787e+01 
2.112390e+00 2.062865e+01 
2.146220e+00 2.059794e+01 
2.181600e+00 2.056160e+01 
2.216930e+00 2.052423e+01 
2.250760e+00 2.048658e+01 
2.286500e+00 2.044423e+01 
2.321770e+00 2.040001e+01 
2.355950e+00 2.035476e+01 
2.391280e+00 2.030785e+01 
2.426240e+00 2.026048e+01 
2.460670e+00 2.021195e+01 
2.495640e+00 2.016028e+01 
2.531080e+00 2.010686e+01 
2.566220e+00 2.005212e+01 
2.600830e+00 1.999683e+01 
2.635080e+00 1.994097e+01 
2.670340e+00 1.988361e+01 
2.705970e+00 1.982521e+01 
2.740040e+00 1.976859e+01 
2.774520e+00 1.970887e+01 
2.809730e+00 1.964894e+01 
2.844390e+00 1.959001e+01 
2.879960e+00 1.952820e+01 
2.914860e+00 1.946653e+01 
2.949410e+00 1.940510e+01 
2.984440e+00 1.934234e+01 
3.019760e+00 1.927762e+01 
3.054730e+00 1.921287e+01 
3.089030e+00 1.915079e+01 
3.124060e+00 1.908702e+01 
3.159560e+00 1.902174e+01 
3.194710e+00 1.895820e+01 
3.229010e+00 1.889640e+01 
3.263320e+00 1.883123e+01 
3.297930e+00 1.876612e+01 
3.332830e+00 1.870151e+01 
3.368040e+00 1.863682e+01 
3.403300e+00 1.857246e+01 
3.438450e+00 1.850754e+01 
3.473060e+00 1.844361e+01 
3.508440e+00 1.837819e+01 
3.543110e+00 1.831416e+01 
3.577470e+00 1.825015e+01 
3.613040e+00 1.818439e+01 
3.648120e+00 1.812060e+01 
3.682910e+00 1.805700e+01 
3.718050e+00 1.799192e+01 
3.753320e+00 1.792757e+01 
3.787980e+00 1.786566e+01 
3.822290e+00 1.780402e+01 
3.857020e+00 1.774098e+01 
3.891920e+00 1.767822e+01 
3.926650e+00 1.761669e+01 
3.961970e+00 1.755412e+01 
3.997360e+00 1.749112e+01 
4.031670e+00 1.743048e+01 
4.066330e+00 1.737038e+01 
4.101420e+00 1.730972e+01 
4.136200e+00 1.724906e+01 
4.170810e+00 1.718890e+01 
4.206250e+00 1.712753e+01 
4.241580e+00 1.706656e+01 
4.276300e+00 1.700791e+01 
4.310970e+00 1.695013e+01 
4.346120e+00 1.689132e+01 
4.380600e+00 1.683312e+01 
4.414730e+00 1.677575e+01 
4.450350e+00 1.671769e+01 
4.485320e+00 1.666089e+01 
4.519810e+00 1.660435e+01 
4.555430e+00 1.654584e+01 
4.590870e+00 1.648847e+01 
4.625480e+00 1.643398e+01 
4.659910e+00 1.637994e+01 
4.695230e+00 1.632431e+01 
4.729960e+00 1.626974e+01 
4.764450e+00 1.621591e+01 
4.799530e+00 1.616166e+01 
4.834910e+00 1.610712e+01 
4.869700e+00 1.605409e+01 
4.904370e+00 1.600149e+01 
4.939450e+00 1.594858e+01 
4.973940e+00 1.589710e+01 
5.008430e+00 1.584579e+01 
5.043810e+00 1.579363e+01 
5.078840e+00 1.574234e+01 
5.113500e+00 1.569175e+01 
5.148890e+00 1.564073e+01 
5.184210e+00 1.559000e+01 
5.219060e+00 1.554011e+01 
5.253660e+00 1.549079e+01 
5.288570e+00 1.544119e+01 
5.323420e+00 1.539245e+01 
5.358440e+00 1.534432e+01 
5.393590e+00 1.529617e+01 
5.428310e+00 1.524855e+01 
5.462800e+00 1.520128e+01 
5.497640e+00 1.515368e+01 
5.532670e+00 1.510690e+01 
5.567280e+00 1.506113e+01 
5.602000e+00 1.501535e+01 
5.637270e+00 1.496903e+01 
5.672410e+00 1.492304e+01 
5.707020e+00 1.487787e+01 
5.742040e+00 1.483271e+01 
5.777430e+00 1.478730e+01 
5.812210e+00 1.474281e+01 
5.846820e+00 1.469898e+01 
5.881610e+00 1.465515e+01 
5.916510e+00 1.461130e+01 
5.951600e+00 1.456792e+01 
5.986560e+00 1.452509e+01 
6.021830e+00 1.448201e+01 
6.056490e+00 1.443983e+01 
6.091160e+00 1.439778e+01 
6.125830e+00 1.435587e+01 
6.161090e+00 1.431348e+01 
6.195760e+00 1.427220e+01 
6.230420e+00 1.423104e+01 
6.265690e+00 1.418931e+01 
6.300950e+00 1.414850e+01 
6.335620e+00 1.410849e+01 
6.370880e+00 1.406791e+01 
6.405550e+00 1.402815e+01 
6.440220e+00 1.398851e+01 
6.475480e+00 1.394831e+01 
6.510150e+00 1.390912e+01 
6.544810e+00 1.387057e+01 
6.580080e+00 1.383145e+01 
6.614750e+00 1.379310e+01 
6.649410e+00 1.375521e+01 
6.684080e+00 1.371747e+01 
6.719340e+00 1.367920e+01 
6.754010e+00 1.364170e+01 
6.788680e+00 1.360435e+01 
6.823940e+00 1.356647e+01 
6.859800e+00 1.352805e+01 
6.894470e+00 1.349152e+01 
6.929140e+00 1.345526e+01 
6.963800e+00 1.341911e+01 
6.999070e+00 1.338242e+01 
7.033730e+00 1.334628e+01 
7.068400e+00 1.331022e+01 
7.103660e+00 1.327365e+01 
7.138330e+00 1.323809e+01 
7.173600e+00 1.320266e+01 
7.208260e+00 1.316793e+01 
7.243530e+00 1.313268e+01 
7.277600e+00 1.309850e+01 
7.312860e+00 1.306301e+01 
7.348120e+00 1.302762e+01 
7.382790e+00 1.299291e+01 
7.417460e+00 1.295887e+01 
7.452720e+00 1.292465e+01 
7.487390e+00 1.289109e+01 
7.522650e+00 1.285704e+01 
7.557320e+00 1.282392e+01 
7.591990e+00 1.279098e+01 
7.627250e+00 1.275757e+01 
7.662510e+00 1.272424e+01 
7.697180e+00 1.269130e+01 
7.731850e+00 1.265835e+01 
7.766510e+00 1.262549e+01 
7.801180e+00 1.259270e+01 
7.836440e+00 1.255996e+01 
7.871110e+00 1.252817e+01 
7.906380e+00 1.249591e+01 
7.941040e+00 1.246429e+01 
7.976310e+00 1.243225e+01 
8.011570e+00 1.240038e+01 
8.046240e+00 1.236911e+01 
8.080900e+00 1.233793e+01 
8.115570e+00 1.230683e+01 
8.150830e+00 1.227530e+01 
8.185500e+00 1.224438e+01 
8.220770e+00 1.221300e+01 
8.255430e+00 1.218225e+01 
8.290100e+00 1.215198e+01 
8.324770e+00 1.212183e+01 
8.359430e+00 1.209176e+01 
8.394700e+00 1.206125e+01 
8.429960e+00 1.203084e+01 
8.464630e+00 1.200105e+01 
8.499890e+00 1.197083e+01 
8.534560e+00 1.194119e+01 
8.569200e+00 1.191165e+01 
