# Parameters:
# omega_b = 0.022500, omega_m = 0.137500, n_s = 0.950000, h = 69.033203, w = -1.000000,sigma_8 = 0.755000
# z = 0.170000
#
# k[1/Mpc] # Delta^2:
8.694000e-04 4.320910e-07 
2.077466e-03 1.241582e-05 
3.285532e-03 6.892957e-05 
4.493598e-03 2.146939e-04 
5.701664e-03 4.957599e-04 
6.909730e-03 9.529963e-04 
8.117797e-03 1.620701e-03 
9.325863e-03 2.521163e-03 
1.053393e-02 3.665440e-03 
1.174199e-02 5.054227e-03 
1.295006e-02 6.674284e-03 
1.415813e-02 8.508162e-03 
1.536619e-02 1.053379e-02 
1.657426e-02 1.272186e-02 
1.778233e-02 1.504098e-02 
1.899039e-02 1.747799e-02 
2.019846e-02 2.001547e-02 
2.140652e-02 2.264439e-02 
2.261459e-02 2.535504e-02 
2.382266e-02 2.815232e-02 
2.503072e-02 3.104951e-02 
2.623879e-02 3.405838e-02 
2.744685e-02 3.719571e-02 
2.865492e-02 4.048442e-02 
2.986299e-02 4.394521e-02 
3.100100e-02 4.738725e-02 
3.220400e-02 5.123820e-02 
3.288100e-02 5.351342e-02 
3.424300e-02 5.833509e-02 
3.555100e-02 6.327859e-02 
3.686000e-02 6.854802e-02 
3.795000e-02 7.318521e-02 
3.929100e-02 7.918869e-02 
4.039800e-02 8.436509e-02 
4.164000e-02 9.040596e-02 
4.294400e-02 9.692078e-02 
4.415000e-02 1.031061e-01 
4.542900e-02 1.097054e-01 
4.660900e-02 1.158531e-01 
4.782300e-02 1.220397e-01 
4.892900e-02 1.276246e-01 
5.031200e-02 1.344128e-01 
5.155900e-02 1.402767e-01 
5.238100e-02 1.440050e-01 
5.378200e-02 1.501211e-01 
5.513400e-02 1.556862e-01 
5.627600e-02 1.601312e-01 
5.735300e-02 1.641622e-01 
5.870100e-02 1.690383e-01 
5.988700e-02 1.732195e-01 
6.113500e-02 1.775468e-01 
6.225900e-02 1.814460e-01 
6.340100e-02 1.854852e-01 
6.480200e-02 1.905679e-01 
6.601100e-02 1.951933e-01 
6.725500e-02 2.002151e-01 
6.829100e-02 2.046969e-01 
6.958600e-02 2.105899e-01 
7.071100e-02 2.160992e-01 
7.192300e-02 2.224012e-01 
7.307400e-02 2.287230e-01 
7.412300e-02 2.347796e-01 
7.550400e-02 2.432390e-01 
7.663100e-02 2.504386e-01 
7.791200e-02 2.589656e-01 
7.912700e-02 2.673026e-01 
8.027600e-02 2.753681e-01 
8.138400e-02 2.832523e-01 
8.272200e-02 2.928224e-01 
8.406100e-02 3.023602e-01 
8.534100e-02 3.113155e-01 
8.653800e-02 3.194862e-01 
8.759800e-02 3.265763e-01 
8.900300e-02 3.356647e-01 
9.009000e-02 3.423441e-01 
9.113300e-02 3.484983e-01 
9.239600e-02 3.557145e-01 
9.358000e-02 3.621409e-01 
9.496100e-02 3.691996e-01 
9.608400e-02 3.747363e-01 
9.727500e-02 3.804511e-01 
9.852600e-02 3.861887e-01 
9.973800e-02 3.917301e-01 
1.009000e-01 3.970309e-01 
1.020900e-01 4.025204e-01 
1.034000e-01 4.086610e-01 
1.046000e-01 4.144043e-01 
1.057200e-01 4.200698e-01 
1.069100e-01 4.262340e-01 
1.082500e-01 4.336457e-01 
1.093900e-01 4.402740e-01 
1.105400e-01 4.471693e-01 
1.116900e-01 4.545817e-01 
1.129600e-01 4.629892e-01 
1.142000e-01 4.716774e-01 
1.153300e-01 4.797949e-01 
1.166400e-01 4.895036e-01 
1.177800e-01 4.981989e-01 
1.190000e-01 5.076754e-01 
1.201200e-01 5.164287e-01 
1.213400e-01 5.260511e-01 
1.227100e-01 5.368269e-01 
1.238900e-01 5.461319e-01 
1.250700e-01 5.552682e-01 
1.263200e-01 5.649137e-01 
1.275500e-01 5.742177e-01 
1.287500e-01 5.831907e-01 
1.299900e-01 5.922464e-01 
1.311300e-01 6.004816e-01 
1.323500e-01 6.091257e-01 
1.335900e-01 6.178252e-01 
1.347100e-01 6.255397e-01 
1.359800e-01 6.342587e-01 
1.372100e-01 6.426033e-01 
1.384300e-01 6.508676e-01 
1.395700e-01 6.585104e-01 
1.407700e-01 6.665829e-01 
1.420300e-01 6.751126e-01 
1.432800e-01 6.836028e-01 
1.444500e-01 6.916156e-01 
1.456300e-01 6.997224e-01 
1.468900e-01 7.085942e-01 
1.480500e-01 7.168483e-01 
1.491700e-01 7.249165e-01 
1.503800e-01 7.337580e-01 
1.516400e-01 7.430634e-01 
1.528200e-01 7.520858e-01 
1.540200e-01 7.613037e-01 
1.551900e-01 7.705243e-01 
1.564300e-01 7.803937e-01 
1.576600e-01 7.903398e-01 
1.588700e-01 8.003059e-01 
1.600900e-01 8.104150e-01 
1.612700e-01 8.203360e-01 
1.625400e-01 8.310748e-01 
1.637600e-01 8.415197e-01 
1.649500e-01 8.518073e-01 
1.662200e-01 8.628375e-01 
1.674000e-01 8.730682e-01 
1.685000e-01 8.826552e-01 
1.697500e-01 8.935487e-01 
1.710300e-01 9.047061e-01 
1.722200e-01 9.151350e-01 
1.734400e-01 9.256712e-01 
1.746400e-01 9.360762e-01 
1.758700e-01 9.467479e-01 
1.770900e-01 9.572892e-01 
1.782700e-01 9.675311e-01 
1.794600e-01 9.778029e-01 
1.807000e-01 9.884822e-01 
1.819100e-01 9.989476e-01 
1.830100e-01 1.008417e+00 
1.842200e-01 1.018859e+00 
1.855000e-01 1.029953e+00 
1.867000e-01 1.040476e+00 
1.879200e-01 1.051217e+00 
1.890900e-01 1.061562e+00 
1.902800e-01 1.072139e+00 
1.915200e-01 1.083205e+00 
1.926900e-01 1.093732e+00 
1.939000e-01 1.104807e+00 
1.951700e-01 1.116481e+00 
1.963100e-01 1.127026e+00 
1.975100e-01 1.138232e+00 
1.987800e-01 1.150143e+00 
2.000100e-01 1.161756e+00 
2.012500e-01 1.173579e+00 
2.023400e-01 1.184016e+00 
2.036100e-01 1.196250e+00 
2.048900e-01 1.208726e+00 
2.060400e-01 1.219986e+00 
2.072200e-01 1.231593e+00 
2.084200e-01 1.243506e+00 
2.096900e-01 1.256172e+00 
2.109200e-01 1.268495e+00 
2.121100e-01 1.280452e+00 
2.132700e-01 1.292156e+00 
2.145200e-01 1.304824e+00 
2.157200e-01 1.317034e+00 
2.168800e-01 1.328885e+00 
2.180700e-01 1.341094e+00 
2.193400e-01 1.354176e+00 
2.206000e-01 1.367206e+00 
2.217500e-01 1.379149e+00 
2.229500e-01 1.391662e+00 
2.241400e-01 1.404122e+00 
2.253500e-01 1.416845e+00 
2.264900e-01 1.428880e+00 
2.277100e-01 1.441852e+00 
2.289900e-01 1.455565e+00 
2.301500e-01 1.468046e+00 
2.313600e-01 1.481119e+00 
2.325600e-01 1.494123e+00 
2.337700e-01 1.507290e+00 
2.350000e-01 1.520731e+00 
2.362000e-01 1.533958e+00 
2.374100e-01 1.547421e+00 
2.386500e-01 1.561278e+00 
2.399100e-01 1.575420e+00 
2.410400e-01 1.588171e+00 
2.422500e-01 1.601884e+00 
2.435000e-01 1.616110e+00 
2.447300e-01 1.630189e+00 
2.458700e-01 1.643370e+00 
2.470600e-01 1.657187e+00 
2.483300e-01 1.671996e+00 
2.495600e-01 1.686426e+00 
2.507600e-01 1.700598e+00 
2.519600e-01 1.714830e+00 
2.532200e-01 1.729839e+00 
2.543700e-01 1.743625e+00 
2.555500e-01 1.757849e+00 
2.568000e-01 1.772982e+00 
2.580100e-01 1.787694e+00 
2.592400e-01 1.802713e+00 
2.604100e-01 1.817059e+00 
2.616100e-01 1.831833e+00 
2.628400e-01 1.847042e+00 
2.640600e-01 1.862241e+00 
2.652200e-01 1.876773e+00 
2.664300e-01 1.891994e+00 
2.676500e-01 1.907406e+00 
2.688400e-01 1.922441e+00 
2.700700e-01 1.938007e+00 
2.712400e-01 1.952874e+00 
2.724800e-01 1.968696e+00 
2.736700e-01 1.983944e+00 
2.748800e-01 1.999514e+00 
2.761000e-01 2.015277e+00 
2.773200e-01 2.031104e+00 
2.785400e-01 2.046990e+00 
2.797000e-01 2.062142e+00 
2.808900e-01 2.077746e+00 
2.821400e-01 2.094204e+00 
2.833900e-01 2.110728e+00 
2.845500e-01 2.126081e+00 
2.857800e-01 2.142424e+00 
2.870300e-01 2.159101e+00 
2.882100e-01 2.174905e+00 
2.893900e-01 2.190723e+00 
2.906300e-01 2.207385e+00 
2.918900e-01 2.224382e+00 
2.930500e-01 2.240091e+00 
2.942500e-01 2.256407e+00 
2.954200e-01 2.272386e+00 
2.966500e-01 2.289249e+00 
2.978900e-01 2.306316e+00 
2.990400e-01 2.322203e+00 
3.002700e-01 2.339240e+00 
3.015100e-01 2.356473e+00 
3.026800e-01 2.372793e+00 
3.038500e-01 2.389174e+00 
3.050300e-01 2.405753e+00 
3.062600e-01 2.423017e+00 
3.075000e-01 2.440487e+00 
3.087000e-01 2.457456e+00 
3.099100e-01 2.474630e+00 
3.111200e-01 2.491890e+00 
3.123100e-01 2.508969e+00 
3.135300e-01 2.526543e+00 
3.147300e-01 2.543892e+00 
3.159900e-01 2.562177e+00 
3.171800e-01 2.579569e+00 
3.183700e-01 2.597064e+00 
3.196300e-01 2.615657e+00 
3.208400e-01 2.633580e+00 
3.220300e-01 2.651272e+00 
3.232000e-01 2.668642e+00 
3.244300e-01 2.686936e+00 
3.256700e-01 2.705446e+00 
3.269200e-01 2.724174e+00 
3.280800e-01 2.741616e+00 
3.292500e-01 2.759424e+00 
3.304800e-01 2.778261e+00 
3.317100e-01 2.797170e+00 
3.328900e-01 2.815376e+00 
3.340700e-01 2.833647e+00 
3.353600e-01 2.853702e+00 
3.365300e-01 2.871962e+00 
3.377100e-01 2.890444e+00 
3.389200e-01 2.909463e+00 
3.401600e-01 2.929026e+00 
3.413700e-01 2.948221e+00 
3.425300e-01 2.966713e+00 
3.437700e-01 2.986552e+00 
3.449800e-01 3.005982e+00 
3.461800e-01 3.025321e+00 
3.473600e-01 3.044419e+00 
3.485800e-01 3.064265e+00 
3.498100e-01 3.084348e+00 
3.510200e-01 3.104177e+00 
3.522000e-01 3.123583e+00 
3.533900e-01 3.143223e+00 
3.546400e-01 3.163997e+00 
3.558400e-01 3.184017e+00 
3.570600e-01 3.204445e+00 
3.582700e-01 3.224779e+00 
3.595000e-01 3.245524e+00 
3.607100e-01 3.266040e+00 
3.618900e-01 3.286145e+00 
3.631200e-01 3.307178e+00 
3.643200e-01 3.327772e+00 
3.655500e-01 3.348958e+00 
3.667300e-01 3.369355e+00 
3.679500e-01 3.390618e+00 
3.691900e-01 3.412309e+00 
3.703600e-01 3.432850e+00 
3.715700e-01 3.454168e+00 
3.727700e-01 3.475387e+00 
3.739900e-01 3.497038e+00 
3.752000e-01 3.518591e+00 
3.763900e-01 3.539863e+00 
3.775800e-01 3.561210e+00 
3.788200e-01 3.583535e+00 
3.800300e-01 3.605398e+00 
3.812100e-01 3.626770e+00 
3.824200e-01 3.648744e+00 
3.836100e-01 3.670431e+00 
3.848600e-01 3.693293e+00 
3.860400e-01 3.714952e+00 
3.872400e-01 3.737054e+00 
3.884600e-01 3.759594e+00 
3.896500e-01 3.781653e+00 
3.908700e-01 3.804347e+00 
3.920600e-01 3.826561e+00 
3.933100e-01 3.849977e+00 
3.945300e-01 3.872913e+00 
3.957200e-01 3.895405e+00 
3.969300e-01 3.918366e+00 
3.981700e-01 3.941979e+00 
3.993500e-01 3.964529e+00 
4.094840e-01 4.161108e+00 
4.272360e-01 4.517974e+00 
4.454600e-01 4.900072e+00 
4.630560e-01 5.284154e+00 
4.804610e-01 5.678444e+00 
4.980690e-01 6.091884e+00 
5.159230e-01 6.526258e+00 
5.317440e-01 6.923661e+00 
5.489640e-01 7.370538e+00 
5.671990e-01 7.860135e+00 
5.838690e-01 8.321841e+00 
6.018840e-01 8.836984e+00 
6.202330e-01 9.379032e+00 
6.379250e-01 9.917358e+00 
6.545410e-01 1.043752e+01 
6.714560e-01 1.098088e+01 
6.892080e-01 1.156592e+01 
7.066010e-01 1.215425e+01 
7.240540e-01 1.275941e+01 
7.420450e-01 1.339551e+01 
7.593780e-01 1.402396e+01 
7.764720e-01 1.465610e+01 
7.942840e-01 1.532865e+01 
8.116170e-01 1.599384e+01 
8.288310e-01 1.666537e+01 
8.462240e-01 1.735515e+01 
8.631980e-01 1.804110e+01 
8.810700e-01 1.877304e+01 
8.989410e-01 1.951519e+01 
9.166330e-01 2.025954e+01 
9.345640e-01 2.102355e+01 
9.515980e-01 2.175857e+01 
9.688720e-01 2.251127e+01 
9.865640e-01 2.328891e+01 
1.031870e+00 2.532022e+01 
1.063490e+00 2.676184e+01 
1.097920e+00 2.835691e+01 
1.134370e+00 3.006807e+01 
1.167730e+00 3.165634e+01 
1.203830e+00 3.339144e+01 
1.240470e+00 3.517565e+01 
1.275790e+00 3.690596e+01 
1.309140e+00 3.855649e+01 
1.342970e+00 4.024183e+01 
1.378420e+00 4.202149e+01 
1.413200e+00 4.377633e+01 
1.448110e+00 4.554563e+01 
1.484090e+00 4.737891e+01 
1.518820e+00 4.915890e+01 
1.552880e+00 5.090667e+01 
1.588630e+00 5.275201e+01 
1.623230e+00 5.454286e+01 
1.657720e+00 5.633728e+01 
1.692450e+00 5.814878e+01 
1.726400e+00 5.991485e+01 
1.762200e+00 6.178437e+01 
1.797880e+00 6.365117e+01 
1.833270e+00 6.550943e+01 
1.869070e+00 6.738853e+01 
1.903200e+00 6.918106e+01 
1.937740e+00 7.099616e+01 
1.973190e+00 7.286225e+01 
2.007440e+00 7.466602e+01 
2.042160e+00 7.649768e+01 
2.077900e+00 7.837381e+01 
2.112390e+00 8.018971e+01 
2.146220e+00 8.197339e+01 
2.181600e+00 8.382922e+01 
2.216930e+00 8.569010e+01 
2.250760e+00 8.746764e+01 
2.286500e+00 8.934049e+01 
2.321770e+00 9.119081e+01 
2.355950e+00 9.297858e+01 
2.391280e+00 9.483648e+01 
2.426240e+00 9.666518e+01 
2.460670e+00 9.846209e+01 
2.495640e+00 1.002886e+02 
2.531080e+00 1.021323e+02 
2.566220e+00 1.039539e+02 
2.600830e+00 1.057471e+02 
2.635080e+00 1.075232e+02 
2.670340e+00 1.093497e+02 
2.705970e+00 1.111903e+02 
2.740040e+00 1.129456e+02 
2.774520e+00 1.147133e+02 
2.809730e+00 1.165246e+02 
2.844390e+00 1.183078e+02 
2.879960e+00 1.201294e+02 
2.914860e+00 1.219095e+02 
2.949410e+00 1.236689e+02 
2.984440e+00 1.254518e+02 
3.019760e+00 1.272423e+02 
3.054730e+00 1.290101e+02 
3.089030e+00 1.307416e+02 
3.124060e+00 1.325047e+02 
3.159560e+00 1.342842e+02 
3.194710e+00 1.360509e+02 
3.229010e+00 1.377740e+02 
3.263320e+00 1.394799e+02 
3.297930e+00 1.412014e+02 
3.332830e+00 1.429415e+02 
3.368040e+00 1.446944e+02 
3.403300e+00 1.464470e+02 
3.438450e+00 1.481840e+02 
3.473060e+00 1.498897e+02 
3.508440e+00 1.516328e+02 
3.543110e+00 1.533369e+02 
3.577470e+00 1.550164e+02 
3.613040e+00 1.567541e+02 
3.648120e+00 1.584717e+02 
3.682910e+00 1.601693e+02 
3.718050e+00 1.618753e+02 
3.753320e+00 1.635882e+02 
3.787980e+00 1.652742e+02 
3.822290e+00 1.669371e+02 
3.857020e+00 1.686125e+02 
3.891920e+00 1.702920e+02 
3.926650e+00 1.719592e+02 
3.961970e+00 1.736518e+02 
3.997360e+00 1.753466e+02 
4.031670e+00 1.769879e+02 
4.066330e+00 1.786518e+02 
4.101420e+00 1.803320e+02 
4.136200e+00 1.819857e+02 
4.170810e+00 1.836270e+02 
4.206250e+00 1.853075e+02 
4.241580e+00 1.869790e+02 
4.276300e+00 1.886231e+02 
4.310970e+00 1.902639e+02 
4.346120e+00 1.919216e+02 
4.380600e+00 1.935412e+02 
4.414730e+00 1.951402e+02 
4.450350e+00 1.968143e+02 
4.485320e+00 1.984532e+02 
4.519810e+00 2.000632e+02 
4.555430e+00 2.017203e+02 
4.590870e+00 2.033671e+02 
4.625480e+00 2.049767e+02 
4.659910e+00 2.065733e+02 
4.695230e+00 2.082118e+02 
4.729960e+00 2.098190e+02 
4.764450e+00 2.114154e+02 
4.799530e+00 2.130428e+02 
4.834910e+00 2.146793e+02 
4.869700e+00 2.162880e+02 
4.904370e+00 2.178873e+02 
4.939450e+00 2.195015e+02 
4.973940e+00 2.210857e+02 
5.008430e+00 2.226654e+02 
5.043810e+00 2.242825e+02 
5.078840e+00 2.258798e+02 
5.113500e+00 2.274554e+02 
5.148890e+00 2.290753e+02 
5.184210e+00 2.306879e+02 
5.219060e+00 2.322751e+02 
5.253660e+00 2.338484e+02 
5.288570e+00 2.354310e+02 
5.323420e+00 2.370075e+02 
5.358440e+00 2.385883e+02 
5.393590e+00 2.401702e+02 
5.428310e+00 2.417392e+02 
5.462800e+00 2.432994e+02 
5.497640e+00 2.448707e+02 
5.532670e+00 2.464477e+02 
5.567280e+00 2.480016e+02 
5.602000e+00 2.495559e+02 
5.637270e+00 2.511324e+02 
5.672410e+00 2.526988e+02 
5.707020e+00 2.542369e+02 
5.742040e+00 2.557939e+02 
5.777430e+00 2.573636e+02 
5.812210e+00 2.589014e+02 
5.846820e+00 2.604380e+02 
5.881610e+00 2.619807e+02 
5.916510e+00 2.635236e+02 
5.951600e+00 2.650729e+02 
5.986560e+00 2.666130e+02 
6.021830e+00 2.681619e+02 
6.056490e+00 2.696885e+02 
6.091160e+00 2.712188e+02 
6.125830e+00 2.727445e+02 
6.161090e+00 2.742889e+02 
6.195760e+00 2.757970e+02 
6.230420e+00 2.773000e+02 
6.265690e+00 2.788252e+02 
6.300950e+00 2.803608e+02 
6.335620e+00 2.818661e+02 
6.370880e+00 2.833922e+02 
6.405550e+00 2.848920e+02 
6.440220e+00 2.863888e+02 
6.475480e+00 2.879063e+02 
6.510150e+00 2.893950e+02 
6.544810e+00 2.908819e+02 
6.580080e+00 2.923902e+02 
6.614750e+00 2.938681e+02 
6.649410e+00 2.953538e+02 
6.684080e+00 2.968379e+02 
6.719340e+00 2.983427e+02 
6.754010e+00 2.998162e+02 
6.788680e+00 3.012818e+02 
6.823940e+00 3.027676e+02 
6.859800e+00 3.042737e+02 
6.894470e+00 3.057367e+02 
6.929140e+00 3.071993e+02 
6.963800e+00 3.086570e+02 
6.999070e+00 3.101353e+02 
7.033730e+00 3.115795e+02 
7.068400e+00 3.130194e+02 
7.103660e+00 3.144789e+02 
7.138330e+00 3.159147e+02 
7.173600e+00 3.173817e+02 
7.208260e+00 3.188187e+02 
7.243530e+00 3.202763e+02 
7.277600e+00 3.216779e+02 
7.312860e+00 3.231219e+02 
7.348120e+00 3.245610e+02 
7.382790e+00 3.259714e+02 
7.417460e+00 3.273876e+02 
7.452720e+00 3.288287e+02 
7.487390e+00 3.302411e+02 
7.522650e+00 3.316728e+02 
7.557320e+00 3.330799e+02 
7.591990e+00 3.344838e+02 
7.627250e+00 3.359070e+02 
7.662510e+00 3.373254e+02 
7.697180e+00 3.387076e+02 
7.731850e+00 3.400822e+02 
7.766510e+00 3.414516e+02 
7.801180e+00 3.428167e+02 
7.836440e+00 3.442158e+02 
7.871110e+00 3.455965e+02 
7.906380e+00 3.469965e+02 
7.941040e+00 3.483676e+02 
7.976310e+00 3.497519e+02 
8.011570e+00 3.511232e+02 
8.046240e+00 3.524668e+02 
8.080900e+00 3.538054e+02 
8.115570e+00 3.551439e+02 
8.150830e+00 3.565166e+02 
8.185500e+00 3.578618e+02 
8.220770e+00 3.592256e+02 
8.255430e+00 3.605611e+02 
8.290100e+00 3.618882e+02 
8.324770e+00 3.632102e+02 
8.359430e+00 3.645272e+02 
8.394700e+00 3.658626e+02 
8.429960e+00 3.671976e+02 
8.464630e+00 3.685106e+02 
8.499890e+00 3.698412e+02 
8.534560e+00 3.711449e+02 
8.569200e+00 3.724428e+02 
