# Parameters:
# omega_b = 0.022500, omega_m = 0.137500, n_s = 0.950000, h = 69.033203, w = -1.000000,sigma_8 = 0.755000
# z = 0.020000
#
# k[1/Mpc] # Delta^2:
8.694000e-04 5.026291e-07 
2.077466e-03 1.444090e-05 
3.285532e-03 8.017227e-05 
4.493598e-03 2.496966e-04 
5.701664e-03 5.765500e-04 
6.909730e-03 1.108218e-03 
8.117797e-03 1.884553e-03 
9.325863e-03 2.931375e-03 
1.053393e-02 4.261467e-03 
1.174199e-02 5.875605e-03 
1.295006e-02 7.758169e-03 
1.415813e-02 9.888989e-03 
1.536619e-02 1.224227e-02 
1.657426e-02 1.478386e-02 
1.778233e-02 1.747738e-02 
1.899039e-02 2.030737e-02 
2.019846e-02 2.325420e-02 
2.140652e-02 2.630677e-02 
2.261459e-02 2.945422e-02 
2.382266e-02 3.270305e-02 
2.503072e-02 3.606704e-02 
2.623879e-02 3.956152e-02 
2.744685e-02 4.320587e-02 
2.865492e-02 4.702638e-02 
2.986299e-02 5.104662e-02 
3.100100e-02 5.504717e-02 
3.220400e-02 5.952175e-02 
3.288100e-02 6.216341e-02 
3.424300e-02 6.775871e-02 
3.555100e-02 7.350646e-02 
3.686000e-02 7.962201e-02 
3.795000e-02 8.500060e-02 
3.929100e-02 9.197317e-02 
4.039800e-02 9.799233e-02 
4.164000e-02 1.049917e-01 
4.294400e-02 1.125481e-01 
4.415000e-02 1.197300e-01 
4.542900e-02 1.273918e-01 
4.660900e-02 1.345067e-01 
4.782300e-02 1.417025e-01 
4.892900e-02 1.481789e-01 
5.031200e-02 1.560578e-01 
5.155900e-02 1.628843e-01 
5.238100e-02 1.672358e-01 
5.378200e-02 1.743788e-01 
5.513400e-02 1.808785e-01 
5.627600e-02 1.861146e-01 
5.735300e-02 1.908838e-01 
5.870100e-02 1.966274e-01 
5.988700e-02 2.015688e-01 
6.113500e-02 2.067097e-01 
6.225900e-02 2.113509e-01 
6.340100e-02 2.161271e-01 
6.480200e-02 2.221647e-01 
6.601100e-02 2.276449e-01 
6.725500e-02 2.335906e-01 
6.829100e-02 2.388932e-01 
6.958600e-02 2.458622e-01 
7.071100e-02 2.523257e-01 
7.192300e-02 2.597031e-01 
7.307400e-02 2.671148e-01 
7.412300e-02 2.742120e-01 
7.550400e-02 2.840873e-01 
7.663100e-02 2.924912e-01 
7.791200e-02 3.024200e-01 
7.912700e-02 3.121521e-01 
8.027600e-02 3.215180e-01 
8.138400e-02 3.306627e-01 
8.272200e-02 3.417843e-01 
8.406100e-02 3.528913e-01 
8.534100e-02 3.633464e-01 
8.653800e-02 3.728632e-01 
8.759800e-02 3.811393e-01 
8.900300e-02 3.917966e-01 
9.009000e-02 3.996726e-01 
9.113300e-02 4.069516e-01 
9.239600e-02 4.155021e-01 
9.358000e-02 4.231250e-01 
9.496100e-02 4.316472e-01 
9.608400e-02 4.383635e-01 
9.727500e-02 4.453076e-01 
9.852600e-02 4.523519e-01 
9.973800e-02 4.591645e-01 
1.009000e-01 4.656884e-01 
1.020900e-01 4.724146e-01 
1.034000e-01 4.799656e-01 
1.046000e-01 4.870602e-01 
1.057200e-01 4.940201e-01 
1.069100e-01 5.015880e-01 
1.082500e-01 5.106675e-01 
1.093900e-01 5.187075e-01 
1.105400e-01 5.270270e-01 
1.116900e-01 5.359325e-01 
1.129600e-01 5.460193e-01 
1.142000e-01 5.563843e-01 
1.153300e-01 5.660679e-01 
1.166400e-01 5.776481e-01 
1.177800e-01 5.879198e-01 
1.190000e-01 5.990663e-01 
1.201200e-01 6.094373e-01 
1.213400e-01 6.208535e-01 
1.227100e-01 6.335730e-01 
1.238900e-01 6.445687e-01 
1.250700e-01 6.554183e-01 
1.263200e-01 6.668767e-01 
1.275500e-01 6.779362e-01 
1.287500e-01 6.886562e-01 
1.299900e-01 6.995651e-01 
1.311300e-01 7.094806e-01 
1.323500e-01 7.198779e-01 
1.335900e-01 7.304026e-01 
1.347100e-01 7.398182e-01 
1.359800e-01 7.504794e-01 
1.372100e-01 7.607156e-01 
1.384300e-01 7.708797e-01 
1.395700e-01 7.803317e-01 
1.407700e-01 7.903198e-01 
1.420300e-01 8.008390e-01 
1.432800e-01 8.113184e-01 
1.444500e-01 8.213420e-01 
1.456300e-01 8.314938e-01 
1.468900e-01 8.424811e-01 
1.480500e-01 8.526718e-01 
1.491700e-01 8.626486e-01 
1.503800e-01 8.736007e-01 
1.516400e-01 8.851191e-01 
1.528200e-01 8.962167e-01 
1.540200e-01 9.075618e-01 
1.551900e-01 9.189056e-01 
1.564300e-01 9.310521e-01 
1.576600e-01 9.432261e-01 
1.588700e-01 9.553397e-01 
1.600900e-01 9.676350e-01 
1.612700e-01 9.797720e-01 
1.625400e-01 9.929158e-01 
1.637600e-01 1.005606e+00 
1.649500e-01 1.018049e+00 
1.662200e-01 1.031405e+00 
1.674000e-01 1.043862e+00 
1.685000e-01 1.055539e+00 
1.697500e-01 1.068831e+00 
1.710300e-01 1.082472e+00 
1.722200e-01 1.095227e+00 
1.734400e-01 1.108197e+00 
1.746400e-01 1.121016e+00 
1.758700e-01 1.134169e+00 
1.770900e-01 1.147167e+00 
1.782700e-01 1.159802e+00 
1.794600e-01 1.172506e+00 
1.807000e-01 1.185739e+00 
1.819100e-01 1.198714e+00 
1.830100e-01 1.210555e+00 
1.842200e-01 1.223637e+00 
1.855000e-01 1.237547e+00 
1.867000e-01 1.250737e+00 
1.879200e-01 1.264211e+00 
1.890900e-01 1.277187e+00 
1.902800e-01 1.290421e+00 
1.915200e-01 1.304275e+00 
1.926900e-01 1.317449e+00 
1.939000e-01 1.331270e+00 
1.951700e-01 1.345849e+00 
1.963100e-01 1.359032e+00 
1.975100e-01 1.373069e+00 
1.987800e-01 1.387998e+00 
2.000100e-01 1.402546e+00 
2.012500e-01 1.417323e+00 
2.023400e-01 1.430373e+00 
2.036100e-01 1.445667e+00 
2.048900e-01 1.461224e+00 
2.060400e-01 1.475270e+00 
2.072200e-01 1.489755e+00 
2.084200e-01 1.504618e+00 
2.096900e-01 1.520427e+00 
2.109200e-01 1.535815e+00 
2.121100e-01 1.550743e+00 
2.132700e-01 1.565361e+00 
2.145200e-01 1.581189e+00 
2.157200e-01 1.596447e+00 
2.168800e-01 1.611260e+00 
2.180700e-01 1.626527e+00 
2.193400e-01 1.642890e+00 
2.206000e-01 1.659186e+00 
2.217500e-01 1.674129e+00 
2.229500e-01 1.689792e+00 
2.241400e-01 1.705389e+00 
2.253500e-01 1.721320e+00 
2.264900e-01 1.736397e+00 
2.277100e-01 1.752694e+00 
2.289900e-01 1.769975e+00 
2.301500e-01 1.785711e+00 
2.313600e-01 1.802201e+00 
2.325600e-01 1.818605e+00 
2.337700e-01 1.835223e+00 
2.350000e-01 1.852194e+00 
2.362000e-01 1.868919e+00 
2.374100e-01 1.885971e+00 
2.386500e-01 1.903529e+00 
2.399100e-01 1.921459e+00 
2.410400e-01 1.937584e+00 
2.422500e-01 1.954926e+00 
2.435000e-01 1.972926e+00 
2.447300e-01 1.990773e+00 
2.458700e-01 2.007595e+00 
2.470600e-01 2.025237e+00 
2.483300e-01 2.044157e+00 
2.495600e-01 2.062554e+00 
2.507600e-01 2.080564e+00 
2.519600e-01 2.098658e+00 
2.532200e-01 2.117749e+00 
2.543700e-01 2.135285e+00 
2.555500e-01 2.153382e+00 
2.568000e-01 2.172643e+00 
2.580100e-01 2.191378e+00 
2.592400e-01 2.210540e+00 
2.604100e-01 2.228864e+00 
2.616100e-01 2.247746e+00 
2.628400e-01 2.267191e+00 
2.640600e-01 2.286623e+00 
2.652200e-01 2.305208e+00 
2.664300e-01 2.324683e+00 
2.676500e-01 2.344413e+00 
2.688400e-01 2.363628e+00 
2.700700e-01 2.383506e+00 
2.712400e-01 2.402499e+00 
2.724800e-01 2.422721e+00 
2.736700e-01 2.442237e+00 
2.748800e-01 2.462192e+00 
2.761000e-01 2.482405e+00 
2.773200e-01 2.502710e+00 
2.785400e-01 2.523061e+00 
2.797000e-01 2.542398e+00 
2.808900e-01 2.562319e+00 
2.821400e-01 2.583339e+00 
2.833900e-01 2.604451e+00 
2.845500e-01 2.624062e+00 
2.857800e-01 2.644944e+00 
2.870300e-01 2.666261e+00 
2.882100e-01 2.686472e+00 
2.893900e-01 2.706664e+00 
2.906300e-01 2.727917e+00 
2.918900e-01 2.749607e+00 
2.930500e-01 2.769660e+00 
2.942500e-01 2.790503e+00 
2.954200e-01 2.810955e+00 
2.966500e-01 2.832545e+00 
2.978900e-01 2.854404e+00 
2.990400e-01 2.874761e+00 
3.002700e-01 2.896506e+00 
3.015100e-01 2.918463e+00 
3.026800e-01 2.939265e+00 
3.038500e-01 2.960149e+00 
3.050300e-01 2.981295e+00 
3.062600e-01 3.003500e+00 
3.075000e-01 3.025979e+00 
3.087000e-01 3.047821e+00 
3.099100e-01 3.069935e+00 
3.111200e-01 3.092116e+00 
3.123100e-01 3.113979e+00 
3.135300e-01 3.136483e+00 
3.147300e-01 3.158706e+00 
3.159900e-01 3.182135e+00 
3.171800e-01 3.204346e+00 
3.183700e-01 3.226641e+00 
3.196300e-01 3.250341e+00 
3.208400e-01 3.273194e+00 
3.220300e-01 3.295756e+00 
3.232000e-01 3.318046e+00 
3.244300e-01 3.341578e+00 
3.256700e-01 3.365398e+00 
3.269200e-01 3.389506e+00 
3.280800e-01 3.411967e+00 
3.292500e-01 3.434791e+00 
3.304800e-01 3.458908e+00 
3.317100e-01 3.483121e+00 
3.328900e-01 3.506442e+00 
3.340700e-01 3.529852e+00 
3.353600e-01 3.555599e+00 
3.365300e-01 3.579065e+00 
3.377100e-01 3.602822e+00 
3.389200e-01 3.627278e+00 
3.401600e-01 3.652440e+00 
3.413700e-01 3.677128e+00 
3.425300e-01 3.700913e+00 
3.437700e-01 3.726437e+00 
3.449800e-01 3.751443e+00 
3.461800e-01 3.776340e+00 
3.473600e-01 3.800927e+00 
3.485800e-01 3.826475e+00 
3.498100e-01 3.852335e+00 
3.510200e-01 3.877875e+00 
3.522000e-01 3.902877e+00 
3.533900e-01 3.928188e+00 
3.546400e-01 3.955090e+00 
3.558400e-01 3.981031e+00 
3.570600e-01 4.007509e+00 
3.582700e-01 4.033874e+00 
3.595000e-01 4.060781e+00 
3.607100e-01 4.087314e+00 
3.618900e-01 4.113256e+00 
3.631200e-01 4.140402e+00 
3.643200e-01 4.166990e+00 
3.655500e-01 4.194348e+00 
3.667300e-01 4.220696e+00 
3.679500e-01 4.248078e+00 
3.691900e-01 4.276019e+00 
3.703600e-01 4.302484e+00 
3.715700e-01 4.329958e+00 
3.727700e-01 4.357309e+00 
3.739900e-01 4.385249e+00 
3.752000e-01 4.413111e+00 
3.763900e-01 4.440618e+00 
3.775800e-01 4.468230e+00 
3.788200e-01 4.497113e+00 
3.800300e-01 4.525407e+00 
3.812100e-01 4.553104e+00 
3.824200e-01 4.581613e+00 
3.836100e-01 4.609757e+00 
3.848600e-01 4.639435e+00 
3.860400e-01 4.667557e+00 
3.872400e-01 4.696264e+00 
3.884600e-01 4.725598e+00 
3.896500e-01 4.754333e+00 
3.908700e-01 4.783905e+00 
3.920600e-01 4.812859e+00 
3.933100e-01 4.843389e+00 
3.945300e-01 4.873302e+00 
3.957200e-01 4.902509e+00 
3.969300e-01 4.932295e+00 
3.981700e-01 4.962935e+00 
3.993500e-01 4.992202e+00 
4.094840e-01 5.248035e+00 
4.272360e-01 5.713492e+00 
4.454600e-01 6.212644e+00 
4.630560e-01 6.715851e+00 
4.804610e-01 7.231775e+00 
4.980690e-01 7.775005e+00 
5.159230e-01 8.344944e+00 
5.317440e-01 8.868188e+00 
5.489640e-01 9.455478e+00 
5.671990e-01 1.009855e+01 
5.838690e-01 1.070600e+01 
6.018840e-01 1.138381e+01 
6.202330e-01 1.209385e+01 
6.379250e-01 1.280173e+01 
6.545410e-01 1.348342e+01 
6.714560e-01 1.419568e+01 
6.892080e-01 1.496153e+01 
7.066010e-01 1.573237e+01 
7.240540e-01 1.652313e+01 
7.420450e-01 1.735393e+01 
7.593780e-01 1.817497e+01 
7.764720e-01 1.899732e+01 
7.942840e-01 1.987118e+01 
8.116170e-01 2.073806e+01 
8.288310e-01 2.161187e+01 
8.462240e-01 2.250975e+01 
8.631980e-01 2.339762e+01 
8.810700e-01 2.434578e+01 
8.989410e-01 2.530786e+01 
9.166330e-01 2.627405e+01 
9.345640e-01 2.726180e+01 
9.515980e-01 2.821165e+01 
9.688720e-01 2.918479e+01 
9.865640e-01 3.019009e+01 
1.031870e+00 3.281295e+01 
1.063490e+00 3.467855e+01 
1.097920e+00 3.673064e+01 
1.134370e+00 3.893748e+01 
1.167730e+00 4.098840e+01 
1.203830e+00 4.322276e+01 
1.240470e+00 4.552190e+01 
1.275790e+00 4.775221e+01 
1.309140e+00 4.987524e+01 
1.342970e+00 5.204447e+01 
1.378420e+00 5.433318e+01 
1.413200e+00 5.659518e+01 
1.448110e+00 5.887573e+01 
1.484090e+00 6.123823e+01 
1.518820e+00 6.352712e+01 
1.552880e+00 6.578799e+01 
1.588630e+00 6.816477e+01 
1.623230e+00 7.047017e+01 
1.657720e+00 7.277981e+01 
1.692450e+00 7.511301e+01 
1.726400e+00 7.739599e+01 
1.762200e+00 7.981799e+01 
1.797880e+00 8.222464e+01 
1.833270e+00 8.462659e+01 
1.869070e+00 8.705534e+01 
1.903200e+00 8.937278e+01 
1.937740e+00 9.171655e+01 
1.973190e+00 9.412570e+01 
2.007440e+00 9.646387e+01 
2.042160e+00 9.883391e+01 
2.077900e+00 1.012676e+02 
2.112390e+00 1.036163e+02 
2.146220e+00 1.059315e+02 
2.181600e+00 1.083334e+02 
2.216930e+00 1.107406e+02 
2.250760e+00 1.130545e+02 
2.286500e+00 1.154955e+02 
2.321770e+00 1.178931e+02 
2.355950e+00 1.202250e+02 
2.391280e+00 1.226316e+02 
2.426240e+00 1.250049e+02 
2.460670e+00 1.273438e+02 
2.495640e+00 1.297263e+02 
2.531080e+00 1.321140e+02 
2.566220e+00 1.344877e+02 
2.600830e+00 1.368334e+02 
2.635080e+00 1.391624e+02 
2.670340e+00 1.415294e+02 
2.705970e+00 1.439269e+02 
2.740040e+00 1.462207e+02 
2.774520e+00 1.485313e+02 
2.809730e+00 1.508991e+02 
2.844390e+00 1.532307e+02 
2.879960e+00 1.556130e+02 
2.914860e+00 1.579416e+02 
2.949410e+00 1.602417e+02 
2.984440e+00 1.625653e+02 
3.019760e+00 1.649115e+02 
3.054730e+00 1.672355e+02 
3.089030e+00 1.695025e+02 
3.124060e+00 1.718195e+02 
3.159560e+00 1.741706e+02 
3.194710e+00 1.764900e+02 
3.229010e+00 1.787487e+02 
3.263320e+00 1.809949e+02 
3.297930e+00 1.832623e+02 
3.332830e+00 1.855543e+02 
3.368040e+00 1.878578e+02 
3.403300e+00 1.901569e+02 
3.438450e+00 1.924521e+02 
3.473060e+00 1.947107e+02 
3.508440e+00 1.970094e+02 
3.543110e+00 1.992572e+02 
3.577470e+00 2.014729e+02 
3.613040e+00 2.037660e+02 
3.648120e+00 2.060330e+02 
3.682910e+00 2.082740e+02 
3.718050e+00 2.105267e+02 
3.753320e+00 2.127888e+02 
3.787980e+00 2.150158e+02 
3.822290e+00 2.172127e+02 
3.857020e+00 2.194265e+02 
3.891920e+00 2.216498e+02 
3.926650e+00 2.238636e+02 
3.961970e+00 2.261089e+02 
3.997360e+00 2.283503e+02 
4.031670e+00 2.305214e+02 
4.066330e+00 2.327224e+02 
4.101420e+00 2.349463e+02 
4.136200e+00 2.371551e+02 
4.170810e+00 2.393486e+02 
4.206250e+00 2.415859e+02 
4.241580e+00 2.438106e+02 
4.276300e+00 2.459855e+02 
4.310970e+00 2.481485e+02 
4.346120e+00 2.503421e+02 
4.380600e+00 2.524988e+02 
4.414730e+00 2.546289e+02 
4.450350e+00 2.568581e+02 
4.485320e+00 2.590413e+02 
4.519810e+00 2.611868e+02 
4.555430e+00 2.633959e+02 
4.590870e+00 2.655914e+02 
4.625480e+00 2.677371e+02 
4.659910e+00 2.698663e+02 
4.695230e+00 2.720604e+02 
4.729960e+00 2.742150e+02 
4.764450e+00 2.763478e+02 
4.799530e+00 2.785089e+02 
4.834910e+00 2.806828e+02 
4.869700e+00 2.828289e+02 
4.904370e+00 2.849645e+02 
4.939450e+00 2.871176e+02 
4.973940e+00 2.892231e+02 
5.008430e+00 2.913230e+02 
5.043810e+00 2.934792e+02 
5.078840e+00 2.956131e+02 
5.113500e+00 2.977189e+02 
5.148890e+00 2.998839e+02 
5.184210e+00 3.020400e+02 
5.219060e+00 3.041598e+02 
5.253660e+00 3.062530e+02 
5.288570e+00 3.083593e+02 
5.323420e+00 3.104622e+02 
5.358440e+00 3.125766e+02 
5.393590e+00 3.146930e+02 
5.428310e+00 3.167925e+02 
5.462800e+00 3.188805e+02 
5.497640e+00 3.209842e+02 
5.532670e+00 3.230873e+02 
5.567280e+00 3.251575e+02 
5.602000e+00 3.272285e+02 
5.637270e+00 3.293373e+02 
5.672410e+00 3.314350e+02 
5.707020e+00 3.334954e+02 
5.742040e+00 3.355899e+02 
5.777430e+00 3.377039e+02 
5.812210e+00 3.397759e+02 
5.846820e+00 3.418293e+02 
5.881610e+00 3.438870e+02 
5.916510e+00 3.459454e+02 
5.951600e+00 3.480048e+02 
5.986560e+00 3.500487e+02 
6.021830e+00 3.521046e+02 
6.056490e+00 3.541312e+02 
6.091160e+00 3.561630e+02 
6.125830e+00 3.581890e+02 
6.161090e+00 3.602464e+02 
6.195760e+00 3.622695e+02 
6.230420e+00 3.642862e+02 
6.265690e+00 3.663326e+02 
6.300950e+00 3.683719e+02 
6.335620e+00 3.703712e+02 
6.370880e+00 3.723985e+02 
6.405550e+00 3.743983e+02 
6.440220e+00 3.763975e+02 
6.475480e+00 3.784248e+02 
6.510150e+00 3.804107e+02 
6.544810e+00 3.823864e+02 
6.580080e+00 3.843908e+02 
6.614750e+00 3.863551e+02 
6.649410e+00 3.883295e+02 
6.684080e+00 3.903020e+02 
6.719340e+00 3.923021e+02 
6.754010e+00 3.942609e+02 
6.788680e+00 3.962092e+02 
6.823940e+00 3.981847e+02 
6.859800e+00 4.001874e+02 
6.894470e+00 4.021174e+02 
6.929140e+00 4.040414e+02 
6.963800e+00 4.059588e+02 
6.999070e+00 4.079046e+02 
7.033730e+00 4.098249e+02 
7.068400e+00 4.117397e+02 
7.103660e+00 4.136810e+02 
7.138330e+00 4.155839e+02 
7.173600e+00 4.175138e+02 
7.208260e+00 4.194042e+02 
7.243530e+00 4.213217e+02 
7.277600e+00 4.231761e+02 
7.312860e+00 4.250967e+02 
7.348120e+00 4.270111e+02 
7.382790e+00 4.288875e+02 
7.417460e+00 4.307579e+02 
7.452720e+00 4.326540e+02 
7.487390e+00 4.345122e+02 
7.522650e+00 4.363959e+02 
7.557320e+00 4.382394e+02 
7.591990e+00 4.400759e+02 
7.627250e+00 4.419373e+02 
7.662510e+00 4.437924e+02 
7.697180e+00 4.456077e+02 
7.731850e+00 4.474159e+02 
7.766510e+00 4.492173e+02 
7.801180e+00 4.510130e+02 
7.836440e+00 4.528468e+02 
7.871110e+00 4.546525e+02 
7.906380e+00 4.564832e+02 
7.941040e+00 4.582760e+02 
7.976310e+00 4.600810e+02 
8.011570e+00 4.618632e+02 
8.046240e+00 4.636091e+02 
8.080900e+00 4.653481e+02 
8.115570e+00 4.670871e+02 
8.150830e+00 4.688715e+02 
8.185500e+00 4.706197e+02 
8.220770e+00 4.723919e+02 
8.255430e+00 4.741271e+02 
8.290100e+00 4.758691e+02 
8.324770e+00 4.776064e+02 
8.359430e+00 4.793371e+02 
8.394700e+00 4.810919e+02 
8.429960e+00 4.828313e+02 
8.464630e+00 4.845266e+02 
8.499890e+00 4.862443e+02 
8.534560e+00 4.879269e+02 
8.569200e+00 4.896017e+02 
