# Parameters:
# omega_b = 0.022500, omega_m = 0.137500, n_s = 0.950000, h = 69.033203, w = -1.000000,sigma_8 = 0.755000
# z = 0.700000
#
# k[1/Mpc] # Delta^2 / k^1.5:
8.694000e-04 9.980279e-03 
2.077466e-03 7.765254e-02 
3.285532e-03 2.167504e-01 
4.493598e-03 4.221383e-01 
5.701664e-03 6.821273e-01 
6.909730e-03 9.830459e-01 
8.117797e-03 1.313103e+00 
9.325863e-03 1.659218e+00 
1.053393e-02 2.009852e+00 
1.174199e-02 2.355404e+00 
1.295006e-02 2.686089e+00 
1.415813e-02 2.996072e+00 
1.536619e-02 3.281394e+00 
1.657426e-02 3.538502e+00 
1.778233e-02 3.765404e+00 
1.899039e-02 3.965446e+00 
2.019846e-02 4.140603e+00 
2.140652e-02 4.294241e+00 
2.261459e-02 4.428689e+00 
2.382266e-02 4.548467e+00 
2.503072e-02 4.658052e+00 
2.623879e-02 4.760891e+00 
2.744685e-02 4.860040e+00 
2.865492e-02 4.958821e+00 
2.986299e-02 5.059300e+00 
3.100100e-02 5.157986e+00 
3.220400e-02 5.267473e+00 
3.288100e-02 5.332406e+00 
3.424300e-02 5.469750e+00 
3.555100e-02 5.609278e+00 
3.686000e-02 5.756338e+00 
3.795000e-02 5.883124e+00 
3.929100e-02 6.043896e+00 
4.039800e-02 6.177834e+00 
4.164000e-02 6.327262e+00 
4.294400e-02 6.478812e+00 
4.415000e-02 6.613155e+00 
4.542900e-02 6.742975e+00 
4.660900e-02 6.852509e+00 
4.782300e-02 6.946395e+00 
4.892900e-02 7.018962e+00 
5.031200e-02 7.088528e+00 
5.155900e-02 7.129244e+00 
5.238100e-02 7.145587e+00 
5.378200e-02 7.155491e+00 
5.513400e-02 7.143901e+00 
5.627600e-02 7.120296e+00 
5.735300e-02 7.089141e+00 
5.870100e-02 7.040921e+00 
5.988700e-02 6.993580e+00 
6.113500e-02 6.941362e+00 
6.225900e-02 6.894861e+00 
6.340100e-02 6.850673e+00 
6.480200e-02 6.802212e+00 
6.601100e-02 6.769172e+00 
6.725500e-02 6.744746e+00 
6.829100e-02 6.734335e+00 
6.958600e-02 6.731002e+00 
7.071100e-02 6.739232e+00 
7.192300e-02 6.758278e+00 
7.307400e-02 6.785757e+00 
7.412300e-02 6.818035e+00 
7.550400e-02 6.870943e+00 
7.663100e-02 6.919832e+00 
7.791200e-02 6.982287e+00 
7.912700e-02 7.044797e+00 
8.027600e-02 7.104621e+00 
8.138400e-02 7.161532e+00 
8.272200e-02 7.227276e+00 
8.406100e-02 7.287773e+00 
8.534100e-02 7.336997e+00 
8.653800e-02 7.373781e+00 
8.759800e-02 7.399853e+00 
8.900300e-02 7.423423e+00 
9.009000e-02 7.431887e+00 
9.113300e-02 7.431210e+00 
9.239600e-02 7.422800e+00 
9.358000e-02 7.405895e+00 
9.496100e-02 7.374925e+00 
9.608400e-02 7.344427e+00 
9.727500e-02 7.308140e+00 
9.852600e-02 7.263889e+00 
9.973800e-02 7.220078e+00 
1.009000e-01 7.177375e+00 
1.020900e-01 7.135096e+00 
1.034000e-01 7.090866e+00 
1.046000e-01 7.052920e+00 
1.057200e-01 7.023962e+00 
1.069100e-01 6.996027e+00 
1.082500e-01 6.973384e+00 
1.093900e-01 6.960365e+00 
1.105400e-01 6.950892e+00 
1.116900e-01 6.950700e+00 
1.129600e-01 6.953664e+00 
1.142000e-01 6.964650e+00 
1.153300e-01 6.977551e+00 
1.166400e-01 6.997062e+00 
1.177800e-01 7.016975e+00 
1.190000e-01 7.039722e+00 
1.201200e-01 7.061458e+00 
1.213400e-01 7.085354e+00 
1.227100e-01 7.109787e+00 
1.238900e-01 7.129859e+00 
1.250700e-01 7.146350e+00 
1.263200e-01 7.161886e+00 
1.275500e-01 7.172749e+00 
1.287500e-01 7.180708e+00 
1.299900e-01 7.184675e+00 
1.311300e-01 7.185687e+00 
1.323500e-01 7.182748e+00 
1.335900e-01 7.177345e+00 
1.347100e-01 7.169241e+00 
1.359800e-01 7.158501e+00 
1.372100e-01 7.144946e+00 
1.384300e-01 7.130701e+00 
1.395700e-01 7.115419e+00 
1.407700e-01 7.099265e+00 
1.420300e-01 7.081261e+00 
1.432800e-01 7.063446e+00 
1.444500e-01 7.047317e+00 
1.456300e-01 7.031088e+00 
1.468900e-01 7.015776e+00 
1.480500e-01 7.002302e+00 
1.491700e-01 6.990834e+00 
1.503800e-01 6.980424e+00 
1.516400e-01 6.970421e+00 
1.528200e-01 6.964694e+00 
1.540200e-01 6.958875e+00 
1.551900e-01 6.956714e+00 
1.564300e-01 6.955285e+00 
1.576600e-01 6.955539e+00 
1.588700e-01 6.957820e+00 
1.600900e-01 6.960245e+00 
1.612700e-01 6.964936e+00 
1.625400e-01 6.969988e+00 
1.637600e-01 6.975336e+00 
1.649500e-01 6.980847e+00 
1.662200e-01 6.986618e+00 
1.674000e-01 6.991331e+00 
1.685000e-01 6.995728e+00 
1.697500e-01 6.999667e+00 
1.710300e-01 7.002635e+00 
1.722200e-01 7.005396e+00 
1.734400e-01 7.005425e+00 
1.746400e-01 7.005335e+00 
1.758700e-01 7.004352e+00 
1.770900e-01 7.001543e+00 
1.782700e-01 6.998827e+00 
1.794600e-01 6.994808e+00 
1.807000e-01 6.989752e+00 
1.819100e-01 6.984822e+00 
1.830100e-01 6.979419e+00 
1.842200e-01 6.973321e+00 
1.855000e-01 6.966872e+00 
1.867000e-01 6.960743e+00 
1.879200e-01 6.954517e+00 
1.890900e-01 6.948686e+00 
1.902800e-01 6.943459e+00 
1.915200e-01 6.938017e+00 
1.926900e-01 6.933208e+00 
1.939000e-01 6.929298e+00 
1.951700e-01 6.925197e+00 
1.963100e-01 6.921933e+00 
1.975100e-01 6.919621e+00 
1.987800e-01 6.917174e+00 
2.000100e-01 6.915230e+00 
2.012500e-01 6.914263e+00 
2.023400e-01 6.913413e+00 
2.036100e-01 6.912647e+00 
2.048900e-01 6.912752e+00 
2.060400e-01 6.912847e+00 
2.072200e-01 6.912989e+00 
2.084200e-01 6.913683e+00 
2.096900e-01 6.914417e+00 
2.109200e-01 6.915129e+00 
2.121100e-01 6.915876e+00 
2.132700e-01 6.916607e+00 
2.145200e-01 6.917396e+00 
2.157200e-01 6.918079e+00 
2.168800e-01 6.918705e+00 
2.180700e-01 6.919348e+00 
2.193400e-01 6.919892e+00 
2.206000e-01 6.920169e+00 
2.217500e-01 6.920421e+00 
2.229500e-01 6.920684e+00 
2.241400e-01 6.920627e+00 
2.253500e-01 6.920561e+00 
2.264900e-01 6.920499e+00 
2.277100e-01 6.920310e+00 
2.289900e-01 6.919976e+00 
2.301500e-01 6.919673e+00 
2.313600e-01 6.919356e+00 
2.325600e-01 6.918962e+00 
2.337700e-01 6.918565e+00 
2.350000e-01 6.918162e+00 
2.362000e-01 6.917787e+00 
2.374100e-01 6.917432e+00 
2.386500e-01 6.917069e+00 
2.399100e-01 6.916699e+00 
2.410400e-01 6.916587e+00 
2.422500e-01 6.916495e+00 
2.435000e-01 6.916400e+00 
2.447300e-01 6.916365e+00 
2.458700e-01 6.916568e+00 
2.470600e-01 6.916779e+00 
2.483300e-01 6.917005e+00 
2.495600e-01 6.917377e+00 
2.507600e-01 6.917952e+00 
2.519600e-01 6.918527e+00 
2.532200e-01 6.919131e+00 
2.543700e-01 6.919892e+00 
2.555500e-01 6.920817e+00 
2.568000e-01 6.921797e+00 
2.580100e-01 6.922745e+00 
2.592400e-01 6.923938e+00 
2.604100e-01 6.925174e+00 
2.616100e-01 6.926442e+00 
2.628400e-01 6.927742e+00 
2.640600e-01 6.929232e+00 
2.652200e-01 6.930729e+00 
2.664300e-01 6.932291e+00 
2.676500e-01 6.933866e+00 
2.688400e-01 6.935539e+00 
2.700700e-01 6.937356e+00 
2.712400e-01 6.939084e+00 
2.724800e-01 6.940915e+00 
2.736700e-01 6.942729e+00 
2.748800e-01 6.944630e+00 
2.761000e-01 6.946547e+00 
2.773200e-01 6.948464e+00 
2.785400e-01 6.950408e+00 
2.797000e-01 6.952310e+00 
2.808900e-01 6.954262e+00 
2.821400e-01 6.956313e+00 
2.833900e-01 6.958365e+00 
2.845500e-01 6.960284e+00 
2.857800e-01 6.962319e+00 
2.870300e-01 6.964389e+00 
2.882100e-01 6.966342e+00 
2.893900e-01 6.968330e+00 
2.906300e-01 6.970436e+00 
2.918900e-01 6.972578e+00 
2.930500e-01 6.974550e+00 
2.942500e-01 6.976584e+00 
2.954200e-01 6.978547e+00 
2.966500e-01 6.980612e+00 
2.978900e-01 6.982694e+00 
2.990400e-01 6.984625e+00 
3.002700e-01 6.986716e+00 
3.015100e-01 6.988836e+00 
3.026800e-01 6.990837e+00 
3.038500e-01 6.992839e+00 
3.050300e-01 6.994859e+00 
3.062600e-01 6.996993e+00 
3.075000e-01 6.999145e+00 
3.087000e-01 7.001228e+00 
3.099100e-01 7.003329e+00 
3.111200e-01 7.005460e+00 
3.123100e-01 7.007607e+00 
3.135300e-01 7.009809e+00 
3.147300e-01 7.011976e+00 
3.159900e-01 7.014252e+00 
3.171800e-01 7.016443e+00 
3.183700e-01 7.018662e+00 
3.196300e-01 7.021012e+00 
3.208400e-01 7.023270e+00 
3.220300e-01 7.025491e+00 
3.232000e-01 7.027779e+00 
3.244300e-01 7.030226e+00 
3.256700e-01 7.032694e+00 
3.269200e-01 7.035182e+00 
3.280800e-01 7.037492e+00 
3.292500e-01 7.039930e+00 
3.304800e-01 7.042528e+00 
3.317100e-01 7.045126e+00 
3.328900e-01 7.047620e+00 
3.340700e-01 7.050115e+00 
3.353600e-01 7.052980e+00 
3.365300e-01 7.055632e+00 
3.377100e-01 7.058307e+00 
3.389200e-01 7.061052e+00 
3.401600e-01 7.063866e+00 
3.413700e-01 7.066717e+00 
3.425300e-01 7.069523e+00 
3.437700e-01 7.072525e+00 
3.449800e-01 7.075455e+00 
3.461800e-01 7.078362e+00 
3.473600e-01 7.081287e+00 
3.485800e-01 7.084474e+00 
3.498100e-01 7.087687e+00 
3.510200e-01 7.090850e+00 
3.522000e-01 7.093936e+00 
3.533900e-01 7.097050e+00 
3.546400e-01 7.100500e+00 
3.558400e-01 7.103824e+00 
3.570600e-01 7.107205e+00 
3.582700e-01 7.110560e+00 
3.595000e-01 7.113972e+00 
3.607100e-01 7.117434e+00 
3.618900e-01 7.120894e+00 
3.631200e-01 7.124502e+00 
3.643200e-01 7.128023e+00 
3.655500e-01 7.131635e+00 
3.667300e-01 7.135101e+00 
3.679500e-01 7.138858e+00 
3.691900e-01 7.142678e+00 
3.703600e-01 7.146285e+00 
3.715700e-01 7.150017e+00 
3.727700e-01 7.153719e+00 
3.739900e-01 7.157560e+00 
3.752000e-01 7.161506e+00 
3.763900e-01 7.165389e+00 
3.775800e-01 7.169274e+00 
3.788200e-01 7.173325e+00 
3.800300e-01 7.177279e+00 
3.812100e-01 7.181200e+00 
3.824200e-01 7.185265e+00 
3.836100e-01 7.189265e+00 
3.848600e-01 7.193470e+00 
3.860400e-01 7.197440e+00 
3.872400e-01 7.201481e+00 
3.884600e-01 7.205712e+00 
3.896500e-01 7.209887e+00 
3.908700e-01 7.214170e+00 
3.920600e-01 7.218350e+00 
3.933100e-01 7.222743e+00 
3.945300e-01 7.227033e+00 
3.957200e-01 7.231304e+00 
3.969300e-01 7.235673e+00 
3.981700e-01 7.240152e+00 
3.993500e-01 7.244418e+00 
4.094840e-01 7.281280e+00 
4.272360e-01 7.348564e+00 
4.454600e-01 7.418391e+00 
4.630560e-01 7.486041e+00 
4.804610e-01 7.552778e+00 
4.980690e-01 7.619891e+00 
5.159230e-01 7.687728e+00 
5.317440e-01 7.747723e+00 
5.489640e-01 7.813420e+00 
5.671990e-01 7.884021e+00 
5.838690e-01 7.949203e+00 
6.018840e-01 8.020993e+00 
6.202330e-01 8.095906e+00 
6.379250e-01 8.169051e+00 
6.545410e-01 8.239807e+00 
6.714560e-01 8.312604e+00 
6.892080e-01 8.390793e+00 
7.066010e-01 8.468489e+00 
7.240540e-01 8.547097e+00 
7.420450e-01 8.629508e+00 
7.593780e-01 8.709458e+00 
7.764720e-01 8.788520e+00 
7.942840e-01 8.871269e+00 
8.116170e-01 8.951825e+00 
8.288310e-01 9.031761e+00 
8.462240e-01 9.112098e+00 
8.631980e-01 9.189943e+00 
8.810700e-01 9.271267e+00 
8.989410e-01 9.351802e+00 
9.166330e-01 9.430465e+00 
9.345640e-01 9.509041e+00 
9.515980e-01 9.582451e+00 
9.688720e-01 9.655644e+00 
9.865640e-01 9.729109e+00 
1.031870e+00 9.910905e+00 
1.063490e+00 1.003041e+01 
1.097920e+00 1.015664e+01 
1.134370e+00 1.028119e+01 
1.167730e+00 1.038966e+01 
1.203830e+00 1.049950e+01 
1.240470e+00 1.060504e+01 
1.275790e+00 1.069831e+01 
1.309140e+00 1.078197e+01 
1.342970e+00 1.085891e+01 
1.378420e+00 1.093557e+01 
1.413200e+00 1.100469e+01 
1.448110e+00 1.106752e+01 
1.484090e+00 1.112850e+01 
1.518820e+00 1.118070e+01 
1.552880e+00 1.122835e+01 
1.588630e+00 1.127257e+01 
1.623230e+00 1.131231e+01 
1.657720e+00 1.134765e+01 
1.692450e+00 1.138136e+01 
1.726400e+00 1.140784e+01 
1.762200e+00 1.143212e+01 
1.797880e+00 1.145417e+01 
1.833270e+00 1.147137e+01 
1.869070e+00 1.148703e+01 
1.903200e+00 1.149893e+01 
1.937740e+00 1.150812e+01 
1.973190e+00 1.151460e+01 
2.007440e+00 1.151889e+01 
2.042160e+00 1.152195e+01 
2.077900e+00 1.152101e+01 
2.112390e+00 1.151976e+01 
2.146220e+00 1.151413e+01 
2.181600e+00 1.150798e+01 
2.216930e+00 1.150018e+01 
2.250760e+00 1.148987e+01 
2.286500e+00 1.147702e+01 
2.321770e+00 1.146432e+01 
2.355950e+00 1.145193e+01 
2.391280e+00 1.143553e+01 
2.426240e+00 1.141780e+01 
2.460670e+00 1.139912e+01 
2.495640e+00 1.137911e+01 
2.531080e+00 1.135892e+01 
2.566220e+00 1.133635e+01 
2.600830e+00 1.131346e+01 
2.635080e+00 1.129092e+01 
2.670340e+00 1.126461e+01 
2.705970e+00 1.123828e+01 
2.740040e+00 1.121301e+01 
2.774520e+00 1.118633e+01 
2.809730e+00 1.115826e+01 
2.844390e+00 1.113006e+01 
2.879960e+00 1.110023e+01 
2.914860e+00 1.107025e+01 
2.949410e+00 1.104015e+01 
2.984440e+00 1.100878e+01 
3.019760e+00 1.097751e+01 
3.054730e+00 1.094668e+01 
3.089030e+00 1.091430e+01 
3.124060e+00 1.088153e+01 
3.159560e+00 1.084870e+01 
3.194710e+00 1.081457e+01 
3.229010e+00 1.078089e+01 
3.263320e+00 1.074775e+01 
3.297930e+00 1.071418e+01 
3.332830e+00 1.067990e+01 
3.368040e+00 1.064503e+01 
3.403300e+00 1.060993e+01 
3.438450e+00 1.057448e+01 
3.473060e+00 1.053956e+01 
3.508440e+00 1.050455e+01 
3.543110e+00 1.047011e+01 
3.577470e+00 1.043466e+01 
3.613040e+00 1.039823e+01 
3.648120e+00 1.036280e+01 
3.682910e+00 1.032763e+01 
3.718050e+00 1.029189e+01 
3.753320e+00 1.025595e+01 
3.787980e+00 1.022046e+01 
3.822290e+00 1.018570e+01 
3.857020e+00 1.015102e+01 
3.891920e+00 1.011576e+01 
3.926650e+00 1.007984e+01 
3.961970e+00 1.004363e+01 
3.997360e+00 1.000796e+01 
4.031670e+00 9.973439e+00 
4.066330e+00 9.938413e+00 
4.101420e+00 9.903096e+00 
4.136200e+00 9.868688e+00 
4.170810e+00 9.834566e+00 
4.206250e+00 9.799444e+00 
4.241580e+00 9.764499e+00 
4.276300e+00 9.730327e+00 
4.310970e+00 9.696350e+00 
4.346120e+00 9.662069e+00 
4.380600e+00 9.628636e+00 
4.414730e+00 9.595657e+00 
4.450350e+00 9.561394e+00 
4.485320e+00 9.527874e+00 
4.519810e+00 9.495036e+00 
4.555430e+00 9.461289e+00 
4.590870e+00 9.427888e+00 
4.625480e+00 9.395498e+00 
4.659910e+00 9.363387e+00 
4.695230e+00 9.330722e+00 
4.729960e+00 9.298740e+00 
4.764450e+00 9.267170e+00 
4.799530e+00 9.235312e+00 
4.834910e+00 9.203293e+00 
4.869700e+00 9.172111e+00 
4.904370e+00 9.141174e+00 
4.939450e+00 9.110047e+00 
4.973940e+00 9.079729e+00 
5.008430e+00 9.049511e+00 
5.043810e+00 9.018813e+00 
5.078840e+00 8.988635e+00 
5.113500e+00 8.958875e+00 
5.148890e+00 8.928825e+00 
5.184210e+00 8.898946e+00 
5.219060e+00 8.869644e+00 
5.253660e+00 8.840881e+00 
5.288570e+00 8.811956e+00 
5.323420e+00 8.783322e+00 
5.358440e+00 8.754808e+00 
5.393590e+00 8.726281e+00 
5.428310e+00 8.698407e+00 
5.462800e+00 8.670919e+00 
5.497640e+00 8.643241e+00 
5.532670e+00 8.615762e+00 
5.567280e+00 8.588783e+00 
5.602000e+00 8.561804e+00 
5.637270e+00 8.534734e+00 
5.672410e+00 8.507906e+00 
5.707020e+00 8.481566e+00 
5.742040e+00 8.455302e+00 
5.777430e+00 8.428905e+00 
5.812210e+00 8.403045e+00 
5.846820e+00 8.377606e+00 
5.881610e+00 8.352168e+00 
5.916510e+00 8.326727e+00 
5.951600e+00 8.301514e+00 
5.986560e+00 8.276601e+00 
6.021830e+00 8.251542e+00 
6.056490e+00 8.227166e+00 
6.091160e+00 8.203006e+00 
6.125830e+00 8.178917e+00 
6.161090e+00 8.154588e+00 
6.195760e+00 8.130948e+00 
6.230420e+00 8.107384e+00 
6.265690e+00 8.083490e+00 
6.300950e+00 8.060064e+00 
6.335620e+00 8.037097e+00 
6.370880e+00 8.013806e+00 
6.405550e+00 7.991171e+00 
6.440220e+00 7.968683e+00 
6.475480e+00 7.945877e+00 
6.510150e+00 7.923625e+00 
6.544810e+00 7.901693e+00 
6.580080e+00 7.879437e+00 
6.614750e+00 7.857621e+00 
6.649410e+00 7.836131e+00 
6.684080e+00 7.814745e+00 
6.719340e+00 7.793055e+00 
6.754010e+00 7.771880e+00 
6.788680e+00 7.750982e+00 
6.823940e+00 7.729785e+00 
6.859800e+00 7.708287e+00 
6.894470e+00 7.687772e+00 
6.929140e+00 7.667390e+00 
6.963800e+00 7.647068e+00 
6.999070e+00 7.626464e+00 
7.033730e+00 7.606590e+00 
7.068400e+00 7.586761e+00 
7.103660e+00 7.566648e+00 
7.138330e+00 7.547014e+00 
7.173600e+00 7.527284e+00 
7.208260e+00 7.507945e+00 
7.243530e+00 7.488316e+00 
7.277600e+00 7.469554e+00 
7.312860e+00 7.450324e+00 
7.348120e+00 7.431144e+00 
7.382790e+00 7.412333e+00 
7.417460e+00 7.393756e+00 
7.452720e+00 7.375010e+00 
7.487390e+00 7.356623e+00 
7.522650e+00 7.337970e+00 
7.557320e+00 7.319880e+00 
7.591990e+00 7.301909e+00 
7.627250e+00 7.283679e+00 
7.662510e+00 7.265494e+00 
7.697180e+00 7.247851e+00 
7.731850e+00 7.230328e+00 
7.766510e+00 7.212851e+00 
7.801180e+00 7.195412e+00 
7.836440e+00 7.177865e+00 
7.871110e+00 7.160745e+00 
7.906380e+00 7.143371e+00 
7.941040e+00 7.126338e+00 
7.976310e+00 7.109158e+00 
8.011570e+00 7.092156e+00 
8.046240e+00 7.075478e+00 
8.080900e+00 7.058844e+00 
8.115570e+00 7.042304e+00 
8.150830e+00 7.025750e+00 
8.185500e+00 7.009511e+00 
8.220770e+00 6.993030e+00 
8.255430e+00 6.976871e+00 
8.290100e+00 6.960928e+00 
8.324770e+00 6.945042e+00 
8.359430e+00 6.929198e+00 
8.394700e+00 6.913111e+00 
8.429960e+00 6.897185e+00 
8.464630e+00 6.881681e+00 
8.499890e+00 6.865950e+00 
8.534560e+00 6.850516e+00 
8.569200e+00 6.835131e+00 
