# Parameters:
# omega_b = 0.022500, omega_m = 0.137500, n_s = 0.950000, h = 70.000000, w = -1.000000,sigma_8 = 0.660000
# z = 0.500000
#
# k[1/Mpc] # Delta^2 / k^1.5:
8.694000e-04 9.101267e-03 
2.077466e-03 7.075219e-02 
3.285532e-03 1.974417e-01 
4.493598e-03 3.845036e-01 
5.701664e-03 6.213034e-01 
6.909730e-03 8.954080e-01 
8.117797e-03 1.196111e+00 
9.325863e-03 1.511511e+00 
1.053393e-02 1.831137e+00 
1.174199e-02 2.146255e+00 
1.295006e-02 2.447957e+00 
1.415813e-02 2.730990e+00 
1.536619e-02 2.991722e+00 
1.657426e-02 3.226880e+00 
1.778233e-02 3.434416e+00 
1.899039e-02 3.616731e+00 
2.019846e-02 3.775641e+00 
2.140652e-02 3.914767e+00 
2.261459e-02 4.036450e+00 
2.382266e-02 4.144615e+00 
2.503072e-02 4.243284e+00 
2.623879e-02 4.335596e+00 
2.744685e-02 4.424375e+00 
2.865492e-02 4.512637e+00 
2.986299e-02 4.602436e+00 
3.100100e-02 4.690619e+00 
3.220400e-02 4.788765e+00 
3.288100e-02 4.847016e+00 
3.424300e-02 4.970730e+00 
3.555100e-02 5.096993e+00 
3.686000e-02 5.230724e+00 
3.795000e-02 5.346547e+00 
3.929100e-02 5.494272e+00 
4.039800e-02 5.617915e+00 
4.164000e-02 5.756499e+00 
4.294400e-02 5.897815e+00 
4.415000e-02 6.023429e+00 
4.542900e-02 6.145399e+00 
4.660900e-02 6.248478e+00 
4.782300e-02 6.336920e+00 
4.892900e-02 6.405142e+00 
5.031200e-02 6.469963e+00 
5.155900e-02 6.507118e+00 
5.238100e-02 6.521316e+00 
5.378200e-02 6.527979e+00 
5.513400e-02 6.513656e+00 
5.627600e-02 6.487845e+00 
5.735300e-02 6.454748e+00 
5.870100e-02 6.404338e+00 
5.988700e-02 6.355237e+00 
6.113500e-02 6.301360e+00 
6.225900e-02 6.253566e+00 
6.340100e-02 6.208245e+00 
6.480200e-02 6.158615e+00 
6.601100e-02 6.124768e+00 
6.725500e-02 6.099652e+00 
6.829100e-02 6.088588e+00 
6.958600e-02 6.084322e+00 
7.071100e-02 6.091566e+00 
7.192300e-02 6.109330e+00 
7.307400e-02 6.135207e+00 
7.412300e-02 6.165663e+00 
7.550400e-02 6.215618e+00 
7.663100e-02 6.261632e+00 
7.791200e-02 6.320084e+00 
7.912700e-02 6.378219e+00 
8.027600e-02 6.433426e+00 
8.138400e-02 6.485672e+00 
8.272200e-02 6.545730e+00 
8.406100e-02 6.600663e+00 
8.534100e-02 6.644856e+00 
8.653800e-02 6.677715e+00 
8.759800e-02 6.700902e+00 
8.900300e-02 6.721702e+00 
9.009000e-02 6.729053e+00 
9.113300e-02 6.728287e+00 
9.239600e-02 6.720593e+00 
9.358000e-02 6.705305e+00 
9.496100e-02 6.677256e+00 
9.608400e-02 6.649570e+00 
9.727500e-02 6.616573e+00 
9.852600e-02 6.575771e+00 
9.973800e-02 6.535133e+00 
1.009000e-01 6.495324e+00 
1.020900e-01 6.455143e+00 
1.034000e-01 6.412684e+00 
1.046000e-01 6.375774e+00 
1.057200e-01 6.346737e+00 
1.069100e-01 6.318342e+00 
1.082500e-01 6.294051e+00 
1.093900e-01 6.279081e+00 
1.105400e-01 6.267320e+00 
1.116900e-01 6.264159e+00 
1.129600e-01 6.263685e+00 
1.142000e-01 6.271079e+00 
1.153300e-01 6.280669e+00 
1.166400e-01 6.296283e+00 
1.177800e-01 6.313120e+00 
1.190000e-01 6.332719e+00 
1.201200e-01 6.352118e+00 
1.213400e-01 6.373562e+00 
1.227100e-01 6.396414e+00 
1.238900e-01 6.415373e+00 
1.250700e-01 6.431571e+00 
1.263200e-01 6.447091e+00 
1.275500e-01 6.458602e+00 
1.287500e-01 6.467387e+00 
1.299900e-01 6.472519e+00 
1.311300e-01 6.474644e+00 
1.323500e-01 6.472958e+00 
1.335900e-01 6.468723e+00 
1.347100e-01 6.461534e+00 
1.359800e-01 6.451609e+00 
1.372100e-01 6.438394e+00 
1.384300e-01 6.424255e+00 
1.395700e-01 6.408520e+00 
1.407700e-01 6.391810e+00 
1.420300e-01 6.372362e+00 
1.432800e-01 6.353127e+00 
1.444500e-01 6.335207e+00 
1.456300e-01 6.317186e+00 
1.468900e-01 6.299634e+00 
1.480500e-01 6.284007e+00 
1.491700e-01 6.270459e+00 
1.503800e-01 6.257791e+00 
1.516400e-01 6.245498e+00 
1.528200e-01 6.237861e+00 
1.540200e-01 6.230104e+00 
1.551900e-01 6.226450e+00 
1.564300e-01 6.223537e+00 
1.576600e-01 6.222547e+00 
1.588700e-01 6.223884e+00 
1.600900e-01 6.225384e+00 
1.612700e-01 6.229659e+00 
1.625400e-01 6.234263e+00 
1.637600e-01 6.239377e+00 
1.649500e-01 6.244776e+00 
1.662200e-01 6.250446e+00 
1.674000e-01 6.255174e+00 
1.685000e-01 6.259585e+00 
1.697500e-01 6.263481e+00 
1.710300e-01 6.266345e+00 
1.722200e-01 6.269009e+00 
1.734400e-01 6.268750e+00 
1.746400e-01 6.268369e+00 
1.758700e-01 6.266978e+00 
1.770900e-01 6.263543e+00 
1.782700e-01 6.260221e+00 
1.794600e-01 6.255408e+00 
1.807000e-01 6.249401e+00 
1.819100e-01 6.243544e+00 
1.830100e-01 6.237114e+00 
1.842200e-01 6.229857e+00 
1.855000e-01 6.222177e+00 
1.867000e-01 6.214729e+00 
1.879200e-01 6.207166e+00 
1.890900e-01 6.200040e+00 
1.902800e-01 6.193422e+00 
1.915200e-01 6.186533e+00 
1.926900e-01 6.180356e+00 
1.939000e-01 6.175011e+00 
1.951700e-01 6.169405e+00 
1.963100e-01 6.164814e+00 
1.975100e-01 6.161164e+00 
1.987800e-01 6.157303e+00 
2.000100e-01 6.154012e+00 
2.012500e-01 6.151743e+00 
2.023400e-01 6.149749e+00 
2.036100e-01 6.147670e+00 
2.048900e-01 6.146527e+00 
2.060400e-01 6.145501e+00 
2.072200e-01 6.144499e+00 
2.084200e-01 6.144112e+00 
2.096900e-01 6.143702e+00 
2.109200e-01 6.143305e+00 
2.121100e-01 6.143141e+00 
2.132700e-01 6.142992e+00 
2.145200e-01 6.142832e+00 
2.157200e-01 6.142683e+00 
2.168800e-01 6.142540e+00 
2.180700e-01 6.142394e+00 
2.193400e-01 6.142213e+00 
2.206000e-01 6.141987e+00 
2.217500e-01 6.141781e+00 
2.229500e-01 6.141566e+00 
2.241400e-01 6.141361e+00 
2.253500e-01 6.141153e+00 
2.264900e-01 6.140958e+00 
2.277100e-01 6.140824e+00 
2.289900e-01 6.140768e+00 
2.301500e-01 6.140718e+00 
2.313600e-01 6.140668e+00 
2.325600e-01 6.140995e+00 
2.337700e-01 6.141324e+00 
2.350000e-01 6.141659e+00 
2.362000e-01 6.142225e+00 
2.374100e-01 6.143083e+00 
2.386500e-01 6.143961e+00 
2.399100e-01 6.144854e+00 
2.410400e-01 6.146137e+00 
2.422500e-01 6.147571e+00 
2.435000e-01 6.149054e+00 
2.447300e-01 6.150603e+00 
2.458700e-01 6.152399e+00 
2.470600e-01 6.154274e+00 
2.483300e-01 6.156276e+00 
2.495600e-01 6.158365e+00 
2.507600e-01 6.160611e+00 
2.519600e-01 6.162857e+00 
2.532200e-01 6.165216e+00 
2.543700e-01 6.167436e+00 
2.555500e-01 6.169758e+00 
2.568000e-01 6.172219e+00 
2.580100e-01 6.174602e+00 
2.592400e-01 6.176980e+00 
2.604100e-01 6.179223e+00 
2.616100e-01 6.181524e+00 
2.628400e-01 6.183884e+00 
2.640600e-01 6.186093e+00 
2.652200e-01 6.188142e+00 
2.664300e-01 6.190280e+00 
2.676500e-01 6.192436e+00 
2.688400e-01 6.194388e+00 
2.700700e-01 6.196310e+00 
2.712400e-01 6.198139e+00 
2.724800e-01 6.200078e+00 
2.736700e-01 6.201774e+00 
2.748800e-01 6.203327e+00 
2.761000e-01 6.204893e+00 
2.773200e-01 6.206459e+00 
2.785400e-01 6.207945e+00 
2.797000e-01 6.209187e+00 
2.808900e-01 6.210462e+00 
2.821400e-01 6.211802e+00 
2.833900e-01 6.213131e+00 
2.845500e-01 6.214144e+00 
2.857800e-01 6.215219e+00 
2.870300e-01 6.216310e+00 
2.882100e-01 6.217341e+00 
2.893900e-01 6.218247e+00 
2.906300e-01 6.219131e+00 
2.918900e-01 6.220030e+00 
2.930500e-01 6.220858e+00 
2.942500e-01 6.221686e+00 
2.954200e-01 6.222405e+00 
2.966500e-01 6.223161e+00 
2.978900e-01 6.223923e+00 
2.990400e-01 6.224630e+00 
3.002700e-01 6.225337e+00 
3.015100e-01 6.226026e+00 
3.026800e-01 6.226676e+00 
3.038500e-01 6.227327e+00 
3.050300e-01 6.227982e+00 
3.062600e-01 6.228639e+00 
3.075000e-01 6.229301e+00 
3.087000e-01 6.229942e+00 
3.099100e-01 6.230589e+00 
3.111200e-01 6.231251e+00 
3.123100e-01 6.231931e+00 
3.135300e-01 6.232628e+00 
3.147300e-01 6.233314e+00 
3.159900e-01 6.234034e+00 
3.171800e-01 6.234760e+00 
3.183700e-01 6.235517e+00 
3.196300e-01 6.236318e+00 
3.208400e-01 6.237087e+00 
3.220300e-01 6.237844e+00 
3.232000e-01 6.238699e+00 
3.244300e-01 6.239641e+00 
3.256700e-01 6.240591e+00 
3.269200e-01 6.241549e+00 
3.280800e-01 6.242439e+00 
3.292500e-01 6.243453e+00 
3.304800e-01 6.244556e+00 
3.317100e-01 6.245659e+00 
3.328900e-01 6.246718e+00 
3.340700e-01 6.247777e+00 
3.353600e-01 6.249103e+00 
3.365300e-01 6.250369e+00 
3.377100e-01 6.251647e+00 
3.389200e-01 6.252957e+00 
3.401600e-01 6.254300e+00 
3.413700e-01 6.255738e+00 
3.425300e-01 6.257207e+00 
3.437700e-01 6.258777e+00 
3.449800e-01 6.260309e+00 
3.461800e-01 6.261829e+00 
3.473600e-01 6.263396e+00 
3.485800e-01 6.265192e+00 
3.498100e-01 6.267003e+00 
3.510200e-01 6.268784e+00 
3.522000e-01 6.270523e+00 
3.533900e-01 6.272276e+00 
3.546400e-01 6.274384e+00 
3.558400e-01 6.276422e+00 
3.570600e-01 6.278496e+00 
3.582700e-01 6.280553e+00 
3.595000e-01 6.282645e+00 
3.607100e-01 6.284827e+00 
3.618900e-01 6.287054e+00 
3.631200e-01 6.289376e+00 
3.643200e-01 6.291642e+00 
3.655500e-01 6.293965e+00 
3.667300e-01 6.296195e+00 
3.679500e-01 6.298840e+00 
3.691900e-01 6.301530e+00 
3.703600e-01 6.304070e+00 
3.715700e-01 6.306697e+00 
3.727700e-01 6.309303e+00 
3.739900e-01 6.312002e+00 
3.752000e-01 6.314766e+00 
3.763900e-01 6.317486e+00 
3.775800e-01 6.320207e+00 
3.788200e-01 6.323043e+00 
3.800300e-01 6.325812e+00 
3.812100e-01 6.328551e+00 
3.824200e-01 6.331386e+00 
3.836100e-01 6.334176e+00 
3.848600e-01 6.337108e+00 
3.860400e-01 6.339876e+00 
3.872400e-01 6.342693e+00 
3.884600e-01 6.345844e+00 
3.896500e-01 6.349026e+00 
3.908700e-01 6.352290e+00 
3.920600e-01 6.355476e+00 
3.933100e-01 6.358824e+00 
3.945300e-01 6.362093e+00 
3.957200e-01 6.365316e+00 
3.969300e-01 6.368605e+00 
3.981700e-01 6.371977e+00 
3.993500e-01 6.375188e+00 
4.094840e-01 6.402792e+00 
4.272360e-01 6.455537e+00 
4.454600e-01 6.510322e+00 
4.630560e-01 6.563372e+00 
4.804610e-01 6.615306e+00 
4.980690e-01 6.667891e+00 
5.159230e-01 6.720616e+00 
5.317440e-01 6.767803e+00 
5.489640e-01 6.818580e+00 
5.671990e-01 6.872431e+00 
5.838690e-01 6.922775e+00 
6.018840e-01 6.978528e+00 
6.202330e-01 7.037481e+00 
6.379250e-01 7.094204e+00 
6.545410e-01 7.149725e+00 
6.714560e-01 7.207353e+00 
6.892080e-01 7.269062e+00 
7.066010e-01 7.330106e+00 
7.240540e-01 7.392755e+00 
7.420450e-01 7.459694e+00 
7.593780e-01 7.523581e+00 
7.764720e-01 7.587802e+00 
7.942840e-01 7.655680e+00 
8.116170e-01 7.720993e+00 
8.288310e-01 7.787290e+00 
8.462240e-01 7.853184e+00 
8.631980e-01 7.917772e+00 
8.810700e-01 7.985907e+00 
8.989410e-01 8.054128e+00 
9.166330e-01 8.120887e+00 
9.345640e-01 8.187038e+00 
9.515980e-01 8.249459e+00 
9.688720e-01 8.312710e+00 
9.865640e-01 8.376397e+00 
1.031870e+00 8.534459e+00 
1.063490e+00 8.641081e+00 
1.097920e+00 8.752579e+00 
1.134370e+00 8.866726e+00 
1.167730e+00 8.965017e+00 
1.203830e+00 9.067689e+00 
1.240470e+00 9.166452e+00 
1.275790e+00 9.255511e+00 
1.309140e+00 9.336281e+00 
1.342970e+00 9.411943e+00 
1.378420e+00 9.488544e+00 
1.413200e+00 9.558291e+00 
1.448110e+00 9.624025e+00 
1.484090e+00 9.688081e+00 
1.518820e+00 9.745305e+00 
1.552880e+00 9.796845e+00 
1.588630e+00 9.847787e+00 
1.623230e+00 9.893935e+00 
1.657720e+00 9.936279e+00 
1.692450e+00 9.977837e+00 
1.726400e+00 1.001283e+01 
1.762200e+00 1.004615e+01 
1.797880e+00 1.007704e+01 
1.833270e+00 1.010521e+01 
1.869070e+00 1.013046e+01 
1.903200e+00 1.015291e+01 
1.937740e+00 1.017298e+01 
1.973190e+00 1.019091e+01 
2.007440e+00 1.020599e+01 
2.042160e+00 1.021944e+01 
2.077900e+00 1.023069e+01 
2.112390e+00 1.024114e+01 
2.146220e+00 1.024718e+01 
2.181600e+00 1.025337e+01 
2.216930e+00 1.025782e+01 
2.250760e+00 1.026005e+01 
2.286500e+00 1.026061e+01 
2.321770e+00 1.025988e+01 
2.355950e+00 1.025801e+01 
2.391280e+00 1.025383e+01 
2.426240e+00 1.024903e+01 
2.460670e+00 1.024291e+01 
2.495640e+00 1.023479e+01 
2.531080e+00 1.022661e+01 
2.566220e+00 1.021670e+01 
2.600830e+00 1.020596e+01 
2.635080e+00 1.019469e+01 
2.670340e+00 1.018099e+01 
2.705970e+00 1.016721e+01 
2.740040e+00 1.015361e+01 
2.774520e+00 1.013778e+01 
2.809730e+00 1.012137e+01 
2.844390e+00 1.010481e+01 
2.879960e+00 1.008673e+01 
2.914860e+00 1.006807e+01 
2.949410e+00 1.004924e+01 
2.984440e+00 1.002992e+01 
3.019760e+00 1.000932e+01 
3.054730e+00 9.988256e+00 
3.089030e+00 9.967057e+00 
3.124060e+00 9.945158e+00 
3.159560e+00 9.922578e+00 
3.194710e+00 9.899796e+00 
3.229010e+00 9.877368e+00 
3.263320e+00 9.853528e+00 
3.297930e+00 9.829491e+00 
3.332830e+00 9.805214e+00 
3.368040e+00 9.780239e+00 
3.403300e+00 9.754890e+00 
3.438450e+00 9.728882e+00 
3.473060e+00 9.703153e+00 
3.508440e+00 9.677240e+00 
3.543110e+00 9.651749e+00 
3.577470e+00 9.625554e+00 
3.613040e+00 9.598579e+00 
3.648120e+00 9.572241e+00 
3.682910e+00 9.545662e+00 
3.718050e+00 9.517865e+00 
3.753320e+00 9.490343e+00 
3.787980e+00 9.463818e+00 
3.822290e+00 9.437206e+00 
3.857020e+00 9.409678e+00 
3.891920e+00 9.381978e+00 
3.926650e+00 9.354279e+00 
3.961970e+00 9.326099e+00 
3.997360e+00 9.297717e+00 
4.031670e+00 9.270300e+00 
4.066330e+00 9.242757e+00 
4.101420e+00 9.214942e+00 
4.136200e+00 9.187096e+00 
4.170810e+00 9.159470e+00 
4.206250e+00 9.131354e+00 
4.241580e+00 9.103427e+00 
4.276300e+00 9.075774e+00 
4.310970e+00 9.048082e+00 
4.346120e+00 9.020186e+00 
4.380600e+00 8.993065e+00 
4.414730e+00 8.966287e+00 
4.450350e+00 8.938013e+00 
4.485320e+00 8.910341e+00 
4.519810e+00 8.883314e+00 
4.555430e+00 8.855570e+00 
4.590870e+00 8.828130e+00 
4.625480e+00 8.801576e+00 
4.659910e+00 8.775240e+00 
4.695230e+00 8.748050e+00 
4.729960e+00 8.721358e+00 
4.764450e+00 8.694832e+00 
4.799530e+00 8.667769e+00 
4.834910e+00 8.640561e+00 
4.869700e+00 8.614591e+00 
4.904370e+00 8.588905e+00 
4.939450e+00 8.562933e+00 
4.973940e+00 8.537314e+00 
5.008430e+00 8.511771e+00 
5.043810e+00 8.485526e+00 
5.078840e+00 8.459548e+00 
5.113500e+00 8.433923e+00 
5.148890e+00 8.408609e+00 
5.184210e+00 8.383455e+00 
5.219060e+00 8.358548e+00 
5.253660e+00 8.333430e+00 
5.288570e+00 8.308164e+00 
5.323420e+00 8.283395e+00 
5.358440e+00 8.259006e+00 
5.393590e+00 8.234598e+00 
5.428310e+00 8.210488e+00 
5.462800e+00 8.186570e+00 
5.497640e+00 8.162480e+00 
5.532670e+00 8.138926e+00 
5.567280e+00 8.115914e+00 
5.602000e+00 8.092894e+00 
5.637270e+00 8.069127e+00 
5.672410e+00 8.045412e+00 
5.707020e+00 8.022123e+00 
5.742040e+00 7.999294e+00 
5.777430e+00 7.976428e+00 
5.812210e+00 7.954019e+00 
5.846820e+00 7.931705e+00 
5.881610e+00 7.909318e+00 
5.916510e+00 7.886923e+00 
5.951600e+00 7.864743e+00 
5.986560e+00 7.842831e+00 
6.021830e+00 7.820787e+00 
6.056490e+00 7.799366e+00 
6.091160e+00 7.778151e+00 
6.125830e+00 7.756995e+00 
6.161090e+00 7.735522e+00 
6.195760e+00 7.714433e+00 
6.230420e+00 7.693407e+00 
6.265690e+00 7.672085e+00 
6.300950e+00 7.651220e+00 
6.335620e+00 7.630759e+00 
6.370880e+00 7.610006e+00 
6.405550e+00 7.589876e+00 
6.440220e+00 7.569890e+00 
6.475480e+00 7.549618e+00 
6.510150e+00 7.529852e+00 
6.544810e+00 7.510405e+00 
6.580080e+00 7.490666e+00 
6.614750e+00 7.471314e+00 
6.649410e+00 7.452019e+00 
6.684080e+00 7.432768e+00 
6.719340e+00 7.413240e+00 
6.754010e+00 7.394192e+00 
6.788680e+00 7.375434e+00 
6.823940e+00 7.356405e+00 
6.859800e+00 7.337103e+00 
6.894470e+00 7.318739e+00 
6.929140e+00 7.300512e+00 
6.963800e+00 7.282336e+00 
6.999070e+00 7.263888e+00 
7.033730e+00 7.245833e+00 
7.068400e+00 7.227818e+00 
7.103660e+00 7.209542e+00 
7.138330e+00 7.191826e+00 
7.173600e+00 7.174288e+00 
7.208260e+00 7.157095e+00 
7.243530e+00 7.139641e+00 
7.277600e+00 7.122682e+00 
7.312860e+00 7.105045e+00 
7.348120e+00 7.087452e+00 
7.382790e+00 7.070195e+00 
7.417460e+00 7.053384e+00 
7.452720e+00 7.036540e+00 
7.487390e+00 7.020017e+00 
7.522650e+00 7.003252e+00 
7.557320e+00 6.986847e+00 
7.591990e+00 6.970495e+00 
7.627250e+00 6.953904e+00 
7.662510e+00 6.937353e+00 
7.697180e+00 6.921342e+00 
7.731850e+00 6.905454e+00 
7.766510e+00 6.889607e+00 
7.801180e+00 6.873792e+00 
7.836440e+00 6.857772e+00 
7.871110e+00 6.842074e+00 
7.906380e+00 6.826142e+00 
7.941040e+00 6.810521e+00 
7.976310e+00 6.794812e+00 
8.011570e+00 6.779324e+00 
8.046240e+00 6.764129e+00 
8.080900e+00 6.748973e+00 
8.115570e+00 6.733886e+00 
8.150830e+00 6.718728e+00 
8.185500e+00 6.703856e+00 
8.220770e+00 6.688762e+00 
8.255430e+00 6.673961e+00 
8.290100e+00 6.659357e+00 
8.324770e+00 6.644806e+00 
8.359430e+00 6.630290e+00 
8.394700e+00 6.615551e+00 
8.429960e+00 6.600950e+00 
8.464630e+00 6.586726e+00 
8.499890e+00 6.572292e+00 
8.534560e+00 6.558131e+00 
8.569200e+00 6.544012e+00 
