# Parameters:
# omega_b = 0.022500, omega_m = 0.137500, n_s = 0.950000, h = 69.033203, w = -1.000000,sigma_8 = 0.860000
# z = 0.500000
#
# k[1/Mpc] # Delta^2:
8.694000e-04 4.043289e-07 
2.077466e-03 1.159447e-05 
3.285532e-03 6.433129e-05 
4.493598e-03 2.003606e-04 
5.701664e-03 4.627040e-04 
6.909730e-03 8.895957e-04 
8.117797e-03 1.513169e-03 
9.325863e-03 2.354338e-03 
1.053393e-02 3.423575e-03 
1.174199e-02 4.721657e-03 
1.295006e-02 6.236157e-03 
1.415813e-02 7.950796e-03 
1.536619e-02 9.844779e-03 
1.657426e-02 1.189046e-02 
1.778233e-02 1.405838e-02 
1.899039e-02 1.633581e-02 
2.019846e-02 1.870677e-02 
2.140652e-02 2.116249e-02 
2.261459e-02 2.369401e-02 
2.382266e-02 2.630681e-02 
2.503072e-02 2.901299e-02 
2.623879e-02 3.182492e-02 
2.744685e-02 3.475843e-02 
2.865492e-02 3.783538e-02 
2.986299e-02 4.107526e-02 
3.100100e-02 4.430002e-02 
3.220400e-02 4.790937e-02 
3.288100e-02 5.004197e-02 
3.424300e-02 5.456233e-02 
3.555100e-02 5.919604e-02 
3.686000e-02 6.413345e-02 
3.795000e-02 6.846852e-02 
3.929100e-02 7.408225e-02 
4.039800e-02 7.892178e-02 
4.164000e-02 8.455079e-02 
4.294400e-02 9.062445e-02 
4.415000e-02 9.637417e-02 
4.542900e-02 1.025091e-01 
4.660900e-02 1.082068e-01 
4.782300e-02 1.139597e-01 
4.892900e-02 1.191401e-01 
5.031200e-02 1.254453e-01 
5.155900e-02 1.309064e-01 
5.238100e-02 1.343884e-01 
5.378200e-02 1.401006e-01 
5.513400e-02 1.453188e-01 
5.627600e-02 1.495130e-01 
5.735300e-02 1.533218e-01 
5.870100e-02 1.579238e-01 
5.988700e-02 1.618755e-01 
6.113500e-02 1.659766e-01 
6.225900e-02 1.696715e-01 
6.340100e-02 1.734801e-01 
6.480200e-02 1.782693e-01 
6.601100e-02 1.825983e-01 
6.725500e-02 1.872860e-01 
6.829100e-02 1.914432e-01 
6.958600e-02 1.969150e-01 
7.071100e-02 2.019966e-01 
7.192300e-02 2.078039e-01 
7.307400e-02 2.136465e-01 
7.412300e-02 2.192474e-01 
7.550400e-02 2.270513e-01 
7.663100e-02 2.337076e-01 
7.791200e-02 2.416325e-01 
7.912700e-02 2.494151e-01 
8.027600e-02 2.569404e-01 
8.138400e-02 2.643091e-01 
8.272200e-02 2.732914e-01 
8.406100e-02 2.822888e-01 
8.534100e-02 2.907462e-01 
8.653800e-02 2.984499e-01 
8.759800e-02 3.051189e-01 
8.900300e-02 3.136498e-01 
9.009000e-02 3.199379e-01 
9.113300e-02 3.256647e-01 
9.239600e-02 3.323335e-01 
9.358000e-02 3.382383e-01 
9.496100e-02 3.446703e-01 
9.608400e-02 3.496790e-01 
9.727500e-02 3.548164e-01 
9.852600e-02 3.599449e-01 
9.973800e-02 3.648646e-01 
1.009000e-01 3.695404e-01 
1.020900e-01 3.744098e-01 
1.034000e-01 3.798699e-01 
1.046000e-01 3.849927e-01 
1.057200e-01 3.901006e-01 
1.069100e-01 3.956700e-01 
1.082500e-01 4.023989e-01 
1.093900e-01 4.084575e-01 
1.105400e-01 4.147833e-01 
1.116900e-01 4.216093e-01 
1.129600e-01 4.293609e-01 
1.142000e-01 4.374014e-01 
1.153300e-01 4.449294e-01 
1.166400e-01 4.539583e-01 
1.177800e-01 4.620296e-01 
1.190000e-01 4.708189e-01 
1.201200e-01 4.789710e-01 
1.213400e-01 4.879398e-01 
1.227100e-01 4.979294e-01 
1.238900e-01 5.065521e-01 
1.250700e-01 5.150117e-01 
1.263200e-01 5.239286e-01 
1.275500e-01 5.324971e-01 
1.287500e-01 5.407570e-01 
1.299900e-01 5.490875e-01 
1.311300e-01 5.566393e-01 
1.323500e-01 5.645284e-01 
1.335900e-01 5.724580e-01 
1.347100e-01 5.794774e-01 
1.359800e-01 5.873896e-01 
1.372100e-01 5.949214e-01 
1.384300e-01 6.023820e-01 
1.395700e-01 6.092915e-01 
1.407700e-01 6.165818e-01 
1.420300e-01 6.242392e-01 
1.432800e-01 6.318560e-01 
1.444500e-01 6.390988e-01 
1.456300e-01 6.464231e-01 
1.468900e-01 6.544069e-01 
1.480500e-01 6.618225e-01 
1.491700e-01 6.691057e-01 
1.503800e-01 6.771335e-01 
1.516400e-01 6.855760e-01 
1.528200e-01 6.937426e-01 
1.540200e-01 7.020829e-01 
1.551900e-01 7.104641e-01 
1.564300e-01 7.194425e-01 
1.576600e-01 7.284900e-01 
1.588700e-01 7.375555e-01 
1.600900e-01 7.467516e-01 
1.612700e-01 7.558285e-01 
1.625400e-01 7.656522e-01 
1.637600e-01 7.751632e-01 
1.649500e-01 7.845034e-01 
1.662200e-01 7.945186e-01 
1.674000e-01 8.038261e-01 
1.685000e-01 8.125461e-01 
1.697500e-01 8.224299e-01 
1.710300e-01 8.325273e-01 
1.722200e-01 8.419625e-01 
1.734400e-01 8.514942e-01 
1.746400e-01 8.609046e-01 
1.758700e-01 8.705341e-01 
1.770900e-01 8.800029e-01 
1.782700e-01 8.891990e-01 
1.794600e-01 8.984306e-01 
1.807000e-01 9.080334e-01 
1.819100e-01 9.174404e-01 
1.830100e-01 9.259755e-01 
1.842200e-01 9.353890e-01 
1.855000e-01 9.453855e-01 
1.867000e-01 9.548134e-01 
1.879200e-01 9.644335e-01 
1.890900e-01 9.737072e-01 
1.902800e-01 9.832510e-01 
1.915200e-01 9.932333e-01 
1.926900e-01 1.002717e+00 
1.939000e-01 1.012659e+00 
1.951700e-01 1.023135e+00 
1.963100e-01 1.032614e+00 
1.975100e-01 1.042735e+00 
1.987800e-01 1.053490e+00 
2.000100e-01 1.063986e+00 
2.012500e-01 1.074698e+00 
2.023400e-01 1.084152e+00 
2.036100e-01 1.095230e+00 
2.048900e-01 1.106516e+00 
2.060400e-01 1.116699e+00 
2.072200e-01 1.127193e+00 
2.084200e-01 1.137946e+00 
2.096900e-01 1.149376e+00 
2.109200e-01 1.160494e+00 
2.121100e-01 1.171290e+00 
2.132700e-01 1.181858e+00 
2.145200e-01 1.193292e+00 
2.157200e-01 1.204302e+00 
2.168800e-01 1.214983e+00 
2.180700e-01 1.225983e+00 
2.193400e-01 1.237760e+00 
2.206000e-01 1.249472e+00 
2.217500e-01 1.260204e+00 
2.229500e-01 1.271447e+00 
2.241400e-01 1.282629e+00 
2.253500e-01 1.294044e+00 
2.264900e-01 1.304839e+00 
2.277100e-01 1.316433e+00 
2.289900e-01 1.328643e+00 
2.301500e-01 1.339752e+00 
2.313600e-01 1.351384e+00 
2.325600e-01 1.362992e+00 
2.337700e-01 1.374743e+00 
2.350000e-01 1.386734e+00 
2.362000e-01 1.398501e+00 
2.374100e-01 1.410439e+00 
2.386500e-01 1.422721e+00 
2.399100e-01 1.435251e+00 
2.410400e-01 1.446584e+00 
2.422500e-01 1.458772e+00 
2.435000e-01 1.471412e+00 
2.447300e-01 1.483913e+00 
2.458700e-01 1.495591e+00 
2.470600e-01 1.507828e+00 
2.483300e-01 1.520939e+00 
2.495600e-01 1.533720e+00 
2.507600e-01 1.546280e+00 
2.519600e-01 1.558890e+00 
2.532200e-01 1.572184e+00 
2.543700e-01 1.584393e+00 
2.555500e-01 1.596987e+00 
2.568000e-01 1.610382e+00 
2.580100e-01 1.623401e+00 
2.592400e-01 1.636717e+00 
2.604100e-01 1.649446e+00 
2.616100e-01 1.662553e+00 
2.628400e-01 1.676040e+00 
2.640600e-01 1.689490e+00 
2.652200e-01 1.702337e+00 
2.664300e-01 1.715789e+00 
2.676500e-01 1.729406e+00 
2.688400e-01 1.742750e+00 
2.700700e-01 1.756604e+00 
2.712400e-01 1.769833e+00 
2.724800e-01 1.783908e+00 
2.736700e-01 1.797459e+00 
2.748800e-01 1.811280e+00 
2.761000e-01 1.825269e+00 
2.773200e-01 1.839312e+00 
2.785400e-01 1.853407e+00 
2.797000e-01 1.866855e+00 
2.808900e-01 1.880700e+00 
2.821400e-01 1.895300e+00 
2.833900e-01 1.909956e+00 
2.845500e-01 1.923589e+00 
2.857800e-01 1.938098e+00 
2.870300e-01 1.952900e+00 
2.882100e-01 1.966925e+00 
2.893900e-01 1.980990e+00 
2.906300e-01 1.995817e+00 
2.918900e-01 2.010941e+00 
2.930500e-01 2.024916e+00 
2.942500e-01 2.039421e+00 
2.954200e-01 2.053602e+00 
2.966500e-01 2.068563e+00 
2.978900e-01 2.083702e+00 
2.990400e-01 2.097793e+00 
3.002700e-01 2.112913e+00 
3.015100e-01 2.128211e+00 
3.026800e-01 2.142697e+00 
3.038500e-01 2.157233e+00 
3.050300e-01 2.171944e+00 
3.062600e-01 2.187332e+00 
3.075000e-01 2.202902e+00 
3.087000e-01 2.218024e+00 
3.099100e-01 2.233325e+00 
3.111200e-01 2.248686e+00 
3.123100e-01 2.263855e+00 
3.135300e-01 2.279461e+00 
3.147300e-01 2.294865e+00 
3.159900e-01 2.311097e+00 
3.171800e-01 2.326492e+00 
3.183700e-01 2.341945e+00 
3.196300e-01 2.358365e+00 
3.208400e-01 2.374190e+00 
3.220300e-01 2.389807e+00 
3.232000e-01 2.405238e+00 
3.244300e-01 2.421525e+00 
3.256700e-01 2.438003e+00 
3.269200e-01 2.454674e+00 
3.280800e-01 2.470197e+00 
3.292500e-01 2.485933e+00 
3.304800e-01 2.502540e+00 
3.317100e-01 2.519206e+00 
3.328900e-01 2.535250e+00 
3.340700e-01 2.551348e+00 
3.353600e-01 2.569038e+00 
3.365300e-01 2.585150e+00 
3.377100e-01 2.601454e+00 
3.389200e-01 2.618230e+00 
3.401600e-01 2.635481e+00 
3.413700e-01 2.652395e+00 
3.425300e-01 2.668678e+00 
3.437700e-01 2.686145e+00 
3.449800e-01 2.703247e+00 
3.461800e-01 2.720267e+00 
3.473600e-01 2.737070e+00 
3.485800e-01 2.754531e+00 
3.498100e-01 2.772195e+00 
3.510200e-01 2.789632e+00 
3.522000e-01 2.806695e+00 
3.533900e-01 2.823959e+00 
3.546400e-01 2.842194e+00 
3.558400e-01 2.859762e+00 
3.570600e-01 2.877685e+00 
3.582700e-01 2.895521e+00 
3.595000e-01 2.913714e+00 
3.607100e-01 2.931692e+00 
3.618900e-01 2.949299e+00 
3.631200e-01 2.967714e+00 
3.643200e-01 2.985742e+00 
3.655500e-01 3.004283e+00 
3.667300e-01 3.022130e+00 
3.679500e-01 3.040688e+00 
3.691900e-01 3.059616e+00 
3.703600e-01 3.077535e+00 
3.715700e-01 3.096129e+00 
3.727700e-01 3.114631e+00 
3.739900e-01 3.133509e+00 
3.752000e-01 3.152304e+00 
3.763900e-01 3.170849e+00 
3.775800e-01 3.189456e+00 
3.788200e-01 3.208909e+00 
3.800300e-01 3.227957e+00 
3.812100e-01 3.246541e+00 
3.824200e-01 3.265624e+00 
3.836100e-01 3.284453e+00 
3.848600e-01 3.304297e+00 
3.860400e-01 3.323092e+00 
3.872400e-01 3.342266e+00 
3.884600e-01 3.361916e+00 
3.896500e-01 3.381179e+00 
3.908700e-01 3.400993e+00 
3.920600e-01 3.420384e+00 
3.933100e-01 3.440821e+00 
3.945300e-01 3.460834e+00 
3.957200e-01 3.480361e+00 
3.969300e-01 3.500264e+00 
3.981700e-01 3.520727e+00 
3.993500e-01 3.540264e+00 
4.094840e-01 3.710117e+00 
4.272360e-01 4.018892e+00 
4.454600e-01 4.348835e+00 
4.630560e-01 4.679730e+00 
4.804610e-01 5.018902e+00 
4.980690e-01 5.374643e+00 
5.159230e-01 5.748120e+00 
5.317440e-01 6.090616e+00 
5.489640e-01 6.474401e+00 
5.671990e-01 6.894191e+00 
5.838690e-01 7.290425e+00 
6.018840e-01 7.732585e+00 
6.202330e-01 8.197198e+00 
6.379250e-01 8.658093e+00 
6.545410e-01 9.102959e+00 
6.714560e-01 9.567880e+00 
6.892080e-01 1.006801e+01 
7.066010e-01 1.056871e+01 
7.240540e-01 1.108364e+01 
7.420450e-01 1.162803e+01 
7.593780e-01 1.216091e+01 
7.764720e-01 1.269770e+01 
7.942840e-01 1.326882e+01 
8.116170e-01 1.383161e+01 
8.288310e-01 1.440099e+01 
8.462240e-01 1.498376e+01 
8.631980e-01 1.556099e+01 
8.810700e-01 1.617793e+01 
8.989410e-01 1.680406e+01 
9.166330e-01 1.743039e+01 
9.345640e-01 1.807073e+01 
9.515980e-01 1.868584e+01 
9.688720e-01 1.931710e+01 
9.865640e-01 1.996902e+01 
1.031870e+00 2.166352e+01 
1.063490e+00 2.286590e+01 
1.097920e+00 2.419074e+01 
1.134370e+00 2.561397e+01 
1.167730e+00 2.692565e+01 
1.203830e+00 2.836082e+01 
1.240470e+00 2.983126e+01 
1.275790e+00 3.125444e+01 
1.309140e+00 3.261153e+01 
1.342970e+00 3.398942e+01 
1.378420e+00 3.544778e+01 
1.413200e+00 3.687997e+01 
1.448110e+00 3.832396e+01 
1.484090e+00 3.981931e+01 
1.518820e+00 4.126759e+01 
1.552880e+00 4.268490e+01 
1.588630e+00 4.418179e+01 
1.623230e+00 4.563358e+01 
1.657720e+00 4.708273e+01 
1.692450e+00 4.855272e+01 
1.726400e+00 4.997845e+01 
1.762200e+00 5.148308e+01 
1.797880e+00 5.298663e+01 
1.833270e+00 5.447864e+01 
1.869070e+00 5.598696e+01 
1.903200e+00 5.742920e+01 
1.937740e+00 5.888735e+01 
1.973190e+00 6.038223e+01 
2.007440e+00 6.182563e+01 
2.042160e+00 6.328796e+01 
2.077900e+00 6.478862e+01 
2.112390e+00 6.624652e+01 
2.146220e+00 6.765948e+01 
2.181600e+00 6.914552e+01 
2.216930e+00 7.062885e+01 
2.250760e+00 7.204342e+01 
2.286500e+00 7.353373e+01 
2.321770e+00 7.500475e+01 
2.355950e+00 7.642917e+01 
2.391280e+00 7.789230e+01 
2.426240e+00 7.934292e+01 
2.460670e+00 8.076736e+01 
2.495640e+00 8.220480e+01 
2.531080e+00 8.366940e+01 
2.566220e+00 8.511380e+01 
2.600830e+00 8.653310e+01 
2.635080e+00 8.793609e+01 
2.670340e+00 8.936952e+01 
2.705970e+00 9.082343e+01 
2.740040e+00 9.221337e+01 
2.774520e+00 9.360479e+01 
2.809730e+00 9.502839e+01 
2.844390e+00 9.642870e+01 
2.879960e+00 9.785965e+01 
2.914860e+00 9.925850e+01 
2.949410e+00 1.006413e+02 
2.984440e+00 1.020453e+02 
3.019760e+00 1.034517e+02 
3.054730e+00 1.048378e+02 
3.089030e+00 1.061967e+02 
3.124060e+00 1.075822e+02 
3.159560e+00 1.089838e+02 
3.194710e+00 1.103697e+02 
3.229010e+00 1.117190e+02 
3.263320e+00 1.130564e+02 
3.297930e+00 1.144045e+02 
3.332830e+00 1.157654e+02 
3.368040e+00 1.171330e+02 
3.403300e+00 1.184976e+02 
3.438450e+00 1.198514e+02 
3.473060e+00 1.211800e+02 
3.508440e+00 1.225465e+02 
3.543110e+00 1.238812e+02 
3.577470e+00 1.251942e+02 
3.613040e+00 1.265525e+02 
3.648120e+00 1.278969e+02 
3.682910e+00 1.292218e+02 
3.718050e+00 1.305469e+02 
3.753320e+00 1.318802e+02 
3.787980e+00 1.331974e+02 
3.822290e+00 1.344942e+02 
3.857020e+00 1.357978e+02 
3.891920e+00 1.371046e+02 
3.926650e+00 1.384028e+02 
3.961970e+00 1.397194e+02 
3.997360e+00 1.410359e+02 
4.031670e+00 1.423096e+02 
4.066330e+00 1.435988e+02 
4.101420e+00 1.448998e+02 
4.136200e+00 1.461859e+02 
4.170810e+00 1.474616e+02 
4.206250e+00 1.487705e+02 
4.241580e+00 1.500724e+02 
4.276300e+00 1.513469e+02 
4.310970e+00 1.526151e+02 
4.346120e+00 1.539001e+02 
4.380600e+00 1.551626e+02 
4.414730e+00 1.564082e+02 
4.450350e+00 1.577027e+02 
4.485320e+00 1.589692e+02 
4.519810e+00 1.602213e+02 
4.555430e+00 1.615133e+02 
4.590870e+00 1.627973e+02 
4.625480e+00 1.640531e+02 
4.659910e+00 1.652983e+02 
4.695230e+00 1.665714e+02 
4.729960e+00 1.678189e+02 
4.764450e+00 1.690534e+02 
4.799530e+00 1.703042e+02 
4.834910e+00 1.715612e+02 
4.869700e+00 1.728108e+02 
4.904370e+00 1.740548e+02 
4.939450e+00 1.753092e+02 
4.973940e+00 1.765380e+02 
5.008430e+00 1.777625e+02 
5.043810e+00 1.790142e+02 
5.078840e+00 1.802492e+02 
5.113500e+00 1.814667e+02 
5.148890e+00 1.827258e+02 
5.184210e+00 1.839790e+02 
5.219060e+00 1.852084e+02 
5.253660e+00 1.864166e+02 
5.288570e+00 1.876313e+02 
5.323420e+00 1.888496e+02 
5.358440e+00 1.900811e+02 
5.393590e+00 1.913129e+02 
5.428310e+00 1.925254e+02 
5.462800e+00 1.937256e+02 
5.497640e+00 1.949338e+02 
5.532670e+00 1.961603e+02 
5.567280e+00 1.973732e+02 
5.602000e+00 1.985860e+02 
5.637270e+00 1.998045e+02 
5.672410e+00 2.010120e+02 
5.707020e+00 2.021971e+02 
5.742040e+00 2.034100e+02 
5.777430e+00 2.046354e+02 
5.812210e+00 2.058355e+02 
5.846820e+00 2.070247e+02 
5.881610e+00 2.082158e+02 
5.916510e+00 2.094065e+02 
5.951600e+00 2.106073e+02 
5.986560e+00 2.118031e+02 
6.021830e+00 2.130054e+02 
6.056490e+00 2.141882e+02 
6.091160e+00 2.153719e+02 
6.125830e+00 2.165517e+02 
6.161090e+00 2.177471e+02 
6.195760e+00 2.189178e+02 
6.230420e+00 2.200841e+02 
6.265690e+00 2.212672e+02 
6.300950e+00 2.224571e+02 
6.335620e+00 2.236230e+02 
6.370880e+00 2.248047e+02 
6.405550e+00 2.259692e+02 
6.440220e+00 2.271325e+02 
6.475480e+00 2.283115e+02 
6.510150e+00 2.294701e+02 
6.544810e+00 2.306320e+02 
6.580080e+00 2.318103e+02 
6.614750e+00 2.329646e+02 
6.649410e+00 2.341145e+02 
6.684080e+00 2.352607e+02 
6.719340e+00 2.364224e+02 
6.754010e+00 2.375636e+02 
6.788680e+00 2.387077e+02 
6.823940e+00 2.398672e+02 
6.859800e+00 2.410424e+02 
6.894470e+00 2.421822e+02 
6.929140e+00 2.433208e+02 
6.963800e+00 2.444553e+02 
6.999070e+00 2.456059e+02 
7.033730e+00 2.467324e+02 
7.068400e+00 2.478554e+02 
7.103660e+00 2.489936e+02 
7.138330e+00 2.501155e+02 
7.173600e+00 2.512673e+02 
7.208260e+00 2.523953e+02 
7.243530e+00 2.535394e+02 
7.277600e+00 2.546350e+02 
7.312860e+00 2.557595e+02 
7.348120e+00 2.568800e+02 
7.382790e+00 2.579778e+02 
7.417460e+00 2.590858e+02 
7.452720e+00 2.602160e+02 
7.487390e+00 2.613237e+02 
7.522650e+00 2.624463e+02 
7.557320e+00 2.635461e+02 
7.591990e+00 2.646419e+02 
7.627250e+00 2.657526e+02 
7.662510e+00 2.668594e+02 
7.697180e+00 2.679515e+02 
7.731850e+00 2.690429e+02 
7.766510e+00 2.701303e+02 
7.801180e+00 2.712143e+02 
7.836440e+00 2.723126e+02 
7.871110e+00 2.733886e+02 
7.906380e+00 2.744794e+02 
7.941040e+00 2.755475e+02 
7.976310e+00 2.766357e+02 
8.011570e+00 2.777258e+02 
8.046240e+00 2.787940e+02 
8.080900e+00 2.798582e+02 
8.115570e+00 2.809203e+02 
8.150830e+00 2.820017e+02 
8.185500e+00 2.830613e+02 
8.220770e+00 2.841354e+02 
8.255430e+00 2.851873e+02 
8.290100e+00 2.862411e+02 
8.324770e+00 2.872920e+02 
8.359430e+00 2.883389e+02 
8.394700e+00 2.894004e+02 
8.429960e+00 2.904612e+02 
8.464630e+00 2.915040e+02 
8.499890e+00 2.925609e+02 
8.534560e+00 2.935964e+02 
8.569200e+00 2.946274e+02 
