# Parameters:
# omega_b = 0.022500, omega_m = 0.137500, n_s = 0.950000, h = 69.033203, w = -1.000000,sigma_8 = 0.755000
# z = 0.859999
#
# k[1/Mpc] # Delta^2 / k^1.5:
8.694000e-04 8.631208e-03 
2.077466e-03 6.715592e-02 
3.285532e-03 1.874434e-01 
4.493598e-03 3.650689e-01 
5.701664e-03 5.899347e-01 
6.909730e-03 8.502067e-01 
8.117797e-03 1.135709e+00 
9.325863e-03 1.435116e+00 
1.053393e-02 1.738462e+00 
1.174199e-02 2.037426e+00 
1.295006e-02 2.323565e+00 
1.415813e-02 2.591826e+00 
1.536619e-02 2.838771e+00 
1.657426e-02 3.061337e+00 
1.778233e-02 3.257748e+00 
1.899039e-02 3.430958e+00 
2.019846e-02 3.582622e+00 
2.140652e-02 3.715648e+00 
2.261459e-02 3.832061e+00 
2.382266e-02 3.935769e+00 
2.503072e-02 4.030648e+00 
2.623879e-02 4.119634e+00 
2.744685e-02 4.205463e+00 
2.865492e-02 4.290933e+00 
2.986299e-02 4.377915e+00 
3.100100e-02 4.463260e+00 
3.220400e-02 4.558044e+00 
3.288100e-02 4.614227e+00 
3.424300e-02 4.733136e+00 
3.555100e-02 4.853942e+00 
3.686000e-02 4.981353e+00 
3.795000e-02 5.091243e+00 
3.929100e-02 5.230587e+00 
4.039800e-02 5.346750e+00 
4.164000e-02 5.476367e+00 
4.294400e-02 5.607838e+00 
4.415000e-02 5.724396e+00 
4.542900e-02 5.837055e+00 
4.660900e-02 5.932122e+00 
4.782300e-02 6.013470e+00 
4.892900e-02 6.076349e+00 
5.031200e-02 6.136379e+00 
5.155900e-02 6.171278e+00 
5.238100e-02 6.185107e+00 
5.378200e-02 6.192923e+00 
5.513400e-02 6.181913e+00 
5.627600e-02 6.160487e+00 
5.735300e-02 6.132484e+00 
5.870100e-02 6.089321e+00 
5.988700e-02 6.047020e+00 
6.113500e-02 6.000329e+00 
6.225900e-02 5.958725e+00 
6.340100e-02 5.919151e+00 
6.480200e-02 5.875692e+00 
6.601100e-02 5.845841e+00 
6.725500e-02 5.823566e+00 
6.829100e-02 5.813777e+00 
6.958600e-02 5.809987e+00 
7.071100e-02 5.816507e+00 
7.192300e-02 5.832576e+00 
7.307400e-02 5.856108e+00 
7.412300e-02 5.883908e+00 
7.550400e-02 5.929727e+00 
7.663100e-02 5.972175e+00 
7.791200e-02 6.026477e+00 
7.912700e-02 6.080956e+00 
8.027600e-02 6.133092e+00 
8.138400e-02 6.182690e+00 
8.272200e-02 6.239974e+00 
8.406100e-02 6.292609e+00 
8.534100e-02 6.335314e+00 
8.653800e-02 6.367071e+00 
8.759800e-02 6.389438e+00 
8.900300e-02 6.409338e+00 
9.009000e-02 6.416029e+00 
9.113300e-02 6.414599e+00 
9.239600e-02 6.406080e+00 
9.358000e-02 6.390000e+00 
9.496100e-02 6.361188e+00 
9.608400e-02 6.333004e+00 
9.727500e-02 6.299588e+00 
9.852600e-02 6.258844e+00 
9.973800e-02 6.218496e+00 
1.009000e-01 6.179162e+00 
1.020900e-01 6.140058e+00 
1.034000e-01 6.099079e+00 
1.046000e-01 6.063836e+00 
1.057200e-01 6.036641e+00 
1.069100e-01 6.010273e+00 
1.082500e-01 5.988435e+00 
1.093900e-01 5.975499e+00 
1.105400e-01 5.965755e+00 
1.116900e-01 5.964364e+00 
1.129600e-01 5.965694e+00 
1.142000e-01 5.974316e+00 
1.153300e-01 5.984819e+00 
1.166400e-01 6.001166e+00 
1.177800e-01 6.018099e+00 
1.190000e-01 6.037546e+00 
1.201200e-01 6.056238e+00 
1.213400e-01 6.076808e+00 
1.227100e-01 6.097993e+00 
1.238900e-01 6.115385e+00 
1.250700e-01 6.129610e+00 
1.263200e-01 6.142939e+00 
1.275500e-01 6.152075e+00 
1.287500e-01 6.158584e+00 
1.299900e-01 6.161437e+00 
1.311300e-01 6.161614e+00 
1.323500e-01 6.158073e+00 
1.335900e-01 6.152219e+00 
1.347100e-01 6.143920e+00 
1.359800e-01 6.133005e+00 
1.372100e-01 6.119374e+00 
1.384300e-01 6.105061e+00 
1.395700e-01 6.089734e+00 
1.407700e-01 6.073526e+00 
1.420300e-01 6.055357e+00 
1.432800e-01 6.037386e+00 
1.444500e-01 6.020977e+00 
1.456300e-01 6.004472e+00 
1.468900e-01 5.988713e+00 
1.480500e-01 5.974785e+00 
1.491700e-01 5.962793e+00 
1.503800e-01 5.951703e+00 
1.516400e-01 5.940953e+00 
1.528200e-01 5.934338e+00 
1.540200e-01 5.927618e+00 
1.551900e-01 5.924485e+00 
1.564300e-01 5.922002e+00 
1.576600e-01 5.921160e+00 
1.588700e-01 5.922303e+00 
1.600900e-01 5.923576e+00 
1.612700e-01 5.927087e+00 
1.625400e-01 5.930868e+00 
1.637600e-01 5.934973e+00 
1.649500e-01 5.939256e+00 
1.662200e-01 5.943713e+00 
1.674000e-01 5.947186e+00 
1.685000e-01 5.950426e+00 
1.697500e-01 5.953075e+00 
1.710300e-01 5.954744e+00 
1.722200e-01 5.956296e+00 
1.734400e-01 5.955115e+00 
1.746400e-01 5.953836e+00 
1.758700e-01 5.951651e+00 
1.770900e-01 5.947685e+00 
1.782700e-01 5.943851e+00 
1.794600e-01 5.938737e+00 
1.807000e-01 5.932563e+00 
1.819100e-01 5.926544e+00 
1.830100e-01 5.920174e+00 
1.842200e-01 5.913018e+00 
1.855000e-01 5.905453e+00 
1.867000e-01 5.898266e+00 
1.879200e-01 5.890968e+00 
1.890900e-01 5.884107e+00 
1.902800e-01 5.877820e+00 
1.915200e-01 5.871275e+00 
1.926900e-01 5.865431e+00 
1.939000e-01 5.860460e+00 
1.951700e-01 5.855248e+00 
1.963100e-01 5.850970e+00 
1.975100e-01 5.847541e+00 
1.987800e-01 5.843914e+00 
2.000100e-01 5.840830e+00 
2.012500e-01 5.838720e+00 
2.023400e-01 5.836867e+00 
2.036100e-01 5.834918e+00 
2.048900e-01 5.833772e+00 
2.060400e-01 5.832743e+00 
2.072200e-01 5.831730e+00 
2.084200e-01 5.831222e+00 
2.096900e-01 5.830685e+00 
2.109200e-01 5.830165e+00 
2.121100e-01 5.829695e+00 
2.132700e-01 5.829237e+00 
2.145200e-01 5.828744e+00 
2.157200e-01 5.828152e+00 
2.168800e-01 5.827523e+00 
2.180700e-01 5.826879e+00 
2.193400e-01 5.826037e+00 
2.206000e-01 5.824916e+00 
2.217500e-01 5.823892e+00 
2.229500e-01 5.822824e+00 
2.241400e-01 5.821382e+00 
2.253500e-01 5.819906e+00 
2.264900e-01 5.818516e+00 
2.277100e-01 5.816875e+00 
2.289900e-01 5.814980e+00 
2.301500e-01 5.813263e+00 
2.313600e-01 5.811472e+00 
2.325600e-01 5.809538e+00 
2.337700e-01 5.807590e+00 
2.350000e-01 5.805609e+00 
2.362000e-01 5.803689e+00 
2.374100e-01 5.801767e+00 
2.386500e-01 5.799798e+00 
2.399100e-01 5.797798e+00 
2.410400e-01 5.796141e+00 
2.422500e-01 5.794385e+00 
2.435000e-01 5.792572e+00 
2.447300e-01 5.790845e+00 
2.458700e-01 5.789477e+00 
2.470600e-01 5.788048e+00 
2.483300e-01 5.786524e+00 
2.495600e-01 5.785183e+00 
2.507600e-01 5.784059e+00 
2.519600e-01 5.782935e+00 
2.532200e-01 5.781755e+00 
2.543700e-01 5.780891e+00 
2.555500e-01 5.780151e+00 
2.568000e-01 5.779367e+00 
2.580100e-01 5.778608e+00 
2.592400e-01 5.778069e+00 
2.604100e-01 5.777660e+00 
2.616100e-01 5.777240e+00 
2.628400e-01 5.776810e+00 
2.640600e-01 5.776574e+00 
2.652200e-01 5.776425e+00 
2.664300e-01 5.776269e+00 
2.676500e-01 5.776113e+00 
2.688400e-01 5.776099e+00 
2.700700e-01 5.776173e+00 
2.712400e-01 5.776243e+00 
2.724800e-01 5.776317e+00 
2.736700e-01 5.776455e+00 
2.748800e-01 5.776665e+00 
2.761000e-01 5.776877e+00 
2.773200e-01 5.777088e+00 
2.785400e-01 5.777330e+00 
2.797000e-01 5.777621e+00 
2.808900e-01 5.777921e+00 
2.821400e-01 5.778235e+00 
2.833900e-01 5.778550e+00 
2.845500e-01 5.778861e+00 
2.857800e-01 5.779191e+00 
2.870300e-01 5.779526e+00 
2.882100e-01 5.779843e+00 
2.893900e-01 5.780181e+00 
2.906300e-01 5.780548e+00 
2.918900e-01 5.780921e+00 
2.930500e-01 5.781264e+00 
2.942500e-01 5.781616e+00 
2.954200e-01 5.781950e+00 
2.966500e-01 5.782301e+00 
2.978900e-01 5.782655e+00 
2.990400e-01 5.782983e+00 
3.002700e-01 5.783339e+00 
3.015100e-01 5.783702e+00 
3.026800e-01 5.784044e+00 
3.038500e-01 5.784385e+00 
3.050300e-01 5.784730e+00 
3.062600e-01 5.785105e+00 
3.075000e-01 5.785484e+00 
3.087000e-01 5.785850e+00 
3.099100e-01 5.786219e+00 
3.111200e-01 5.786610e+00 
3.123100e-01 5.787034e+00 
3.135300e-01 5.787468e+00 
3.147300e-01 5.787895e+00 
3.159900e-01 5.788343e+00 
3.171800e-01 5.788806e+00 
3.183700e-01 5.789295e+00 
3.196300e-01 5.789812e+00 
3.208400e-01 5.790308e+00 
3.220300e-01 5.790797e+00 
3.232000e-01 5.791350e+00 
3.244300e-01 5.791961e+00 
3.256700e-01 5.792577e+00 
3.269200e-01 5.793197e+00 
3.280800e-01 5.793774e+00 
3.292500e-01 5.794448e+00 
3.304800e-01 5.795186e+00 
3.317100e-01 5.795924e+00 
3.328900e-01 5.796633e+00 
3.340700e-01 5.797341e+00 
3.353600e-01 5.798228e+00 
3.365300e-01 5.799075e+00 
3.377100e-01 5.799929e+00 
3.389200e-01 5.800805e+00 
3.401600e-01 5.801703e+00 
3.413700e-01 5.802686e+00 
3.425300e-01 5.803703e+00 
3.437700e-01 5.804791e+00 
3.449800e-01 5.805852e+00 
3.461800e-01 5.806904e+00 
3.473600e-01 5.807993e+00 
3.485800e-01 5.809248e+00 
3.498100e-01 5.810514e+00 
3.510200e-01 5.811760e+00 
3.522000e-01 5.812975e+00 
3.533900e-01 5.814201e+00 
3.546400e-01 5.815661e+00 
3.558400e-01 5.817074e+00 
3.570600e-01 5.818510e+00 
3.582700e-01 5.819934e+00 
3.595000e-01 5.821383e+00 
3.607100e-01 5.822906e+00 
3.618900e-01 5.824468e+00 
3.631200e-01 5.826097e+00 
3.643200e-01 5.827686e+00 
3.655500e-01 5.829316e+00 
3.667300e-01 5.830880e+00 
3.679500e-01 5.832677e+00 
3.691900e-01 5.834505e+00 
3.703600e-01 5.836229e+00 
3.715700e-01 5.838013e+00 
3.727700e-01 5.839783e+00 
3.739900e-01 5.841652e+00 
3.752000e-01 5.843631e+00 
3.763900e-01 5.845577e+00 
3.775800e-01 5.847524e+00 
3.788200e-01 5.849554e+00 
3.800300e-01 5.851535e+00 
3.812100e-01 5.853542e+00 
3.824200e-01 5.855650e+00 
3.836100e-01 5.857724e+00 
3.848600e-01 5.859903e+00 
3.860400e-01 5.861961e+00 
3.872400e-01 5.864055e+00 
3.884600e-01 5.866300e+00 
3.896500e-01 5.868535e+00 
3.908700e-01 5.870827e+00 
3.920600e-01 5.873064e+00 
3.933100e-01 5.875415e+00 
3.945300e-01 5.877709e+00 
3.957200e-01 5.880054e+00 
3.969300e-01 5.882470e+00 
3.981700e-01 5.884946e+00 
3.993500e-01 5.887303e+00 
4.094840e-01 5.907770e+00 
4.272360e-01 5.946555e+00 
4.454600e-01 5.987677e+00 
4.630560e-01 6.028053e+00 
4.804610e-01 6.068233e+00 
4.980690e-01 6.108850e+00 
5.159230e-01 6.150048e+00 
5.317440e-01 6.186589e+00 
5.489640e-01 6.226822e+00 
5.671990e-01 6.270359e+00 
5.838690e-01 6.310835e+00 
6.018840e-01 6.355766e+00 
6.202330e-01 6.403122e+00 
6.379250e-01 6.449718e+00 
6.545410e-01 6.495425e+00 
6.714560e-01 6.542793e+00 
6.892080e-01 6.594074e+00 
7.066010e-01 6.645634e+00 
7.240540e-01 6.698239e+00 
7.420450e-01 6.753915e+00 
7.593780e-01 6.808384e+00 
7.764720e-01 6.862636e+00 
7.942840e-01 6.919829e+00 
8.116170e-01 6.976006e+00 
8.288310e-01 7.032184e+00 
8.462240e-01 7.088984e+00 
8.631980e-01 7.144392e+00 
8.810700e-01 7.202632e+00 
8.989410e-01 7.260701e+00 
9.166330e-01 7.317761e+00 
9.345640e-01 7.375157e+00 
9.515980e-01 7.429118e+00 
9.688720e-01 7.483237e+00 
9.865640e-01 7.537881e+00 
1.031870e+00 7.674326e+00 
1.063490e+00 7.765523e+00 
1.097920e+00 7.862123e+00 
1.134370e+00 7.959203e+00 
1.167730e+00 8.044536e+00 
1.203830e+00 8.131870e+00 
1.240470e+00 8.216511e+00 
1.275790e+00 8.292682e+00 
1.309140e+00 8.361615e+00 
1.342970e+00 8.426239e+00 
1.378420e+00 8.491034e+00 
1.413200e+00 8.550234e+00 
1.448110e+00 8.605357e+00 
1.484090e+00 8.659201e+00 
1.518820e+00 8.706886e+00 
1.552880e+00 8.750442e+00 
1.588630e+00 8.792414e+00 
1.623230e+00 8.830474e+00 
1.657720e+00 8.865354e+00 
1.692450e+00 8.898416e+00 
1.726400e+00 8.926670e+00 
1.762200e+00 8.953704e+00 
1.797880e+00 8.978545e+00 
1.833270e+00 9.000143e+00 
1.869070e+00 9.020064e+00 
1.903200e+00 9.036813e+00 
1.937740e+00 9.051629e+00 
1.973190e+00 9.064550e+00 
2.007440e+00 9.075351e+00 
2.042160e+00 9.084812e+00 
2.077900e+00 9.091960e+00 
2.112390e+00 9.097954e+00 
2.146220e+00 9.101128e+00 
2.181600e+00 9.103453e+00 
2.216930e+00 9.104404e+00 
2.250760e+00 9.103509e+00 
2.286500e+00 9.101076e+00 
2.321770e+00 9.097955e+00 
2.355950e+00 9.094161e+00 
2.391280e+00 9.088082e+00 
2.426240e+00 9.080868e+00 
2.460670e+00 9.072794e+00 
2.495640e+00 9.063733e+00 
2.531080e+00 9.053685e+00 
2.566220e+00 9.042260e+00 
2.600830e+00 9.030318e+00 
2.635080e+00 9.018122e+00 
2.670340e+00 9.003729e+00 
2.705970e+00 8.988862e+00 
2.740040e+00 8.974239e+00 
2.774520e+00 8.958447e+00 
2.809730e+00 8.941600e+00 
2.844390e+00 8.924514e+00 
2.879960e+00 8.906202e+00 
2.914860e+00 8.887573e+00 
2.949410e+00 8.868734e+00 
2.984440e+00 8.848849e+00 
3.019760e+00 8.828664e+00 
3.054730e+00 8.808552e+00 
3.089030e+00 8.787490e+00 
3.124060e+00 8.765925e+00 
3.159560e+00 8.743965e+00 
3.194710e+00 8.721299e+00 
3.229010e+00 8.698929e+00 
3.263320e+00 8.676368e+00 
3.297930e+00 8.653450e+00 
3.332830e+00 8.629942e+00 
3.368040e+00 8.605909e+00 
3.403300e+00 8.581628e+00 
3.438450e+00 8.557004e+00 
3.473060e+00 8.532714e+00 
3.508440e+00 8.507859e+00 
3.543110e+00 8.483432e+00 
3.577470e+00 8.458476e+00 
3.613040e+00 8.432693e+00 
3.648120e+00 8.407265e+00 
3.682910e+00 8.381978e+00 
3.718050e+00 8.356233e+00 
3.753320e+00 8.330318e+00 
3.787980e+00 8.304701e+00 
3.822290e+00 8.279419e+00 
3.857020e+00 8.253902e+00 
3.891920e+00 8.228063e+00 
3.926650e+00 8.201922e+00 
3.961970e+00 8.175458e+00 
3.997360e+00 8.149115e+00 
4.031670e+00 8.123602e+00 
4.066330e+00 8.097673e+00 
4.101420e+00 8.071508e+00 
4.136200e+00 8.045713e+00 
4.170810e+00 8.020127e+00 
4.206250e+00 7.993777e+00 
4.241580e+00 7.967552e+00 
4.276300e+00 7.941823e+00 
4.310970e+00 7.916190e+00 
4.346120e+00 7.890292e+00 
4.380600e+00 7.864977e+00 
4.414730e+00 7.839998e+00 
4.450350e+00 7.813958e+00 
4.485320e+00 7.788477e+00 
4.519810e+00 7.763433e+00 
4.555430e+00 7.737657e+00 
4.590870e+00 7.712117e+00 
4.625480e+00 7.687303e+00 
4.659910e+00 7.662697e+00 
4.695230e+00 7.637574e+00 
4.729960e+00 7.612957e+00 
4.764450e+00 7.588620e+00 
4.799530e+00 7.564000e+00 
4.834910e+00 7.539250e+00 
4.869700e+00 7.515096e+00 
4.904370e+00 7.491120e+00 
4.939450e+00 7.466978e+00 
4.973940e+00 7.443424e+00 
5.008430e+00 7.419943e+00 
5.043810e+00 7.396016e+00 
5.078840e+00 7.372451e+00 
5.113500e+00 7.349208e+00 
5.148890e+00 7.325722e+00 
5.184210e+00 7.302364e+00 
5.219060e+00 7.279437e+00 
5.253660e+00 7.256877e+00 
5.288570e+00 7.234187e+00 
5.323420e+00 7.211704e+00 
5.358440e+00 7.189291e+00 
5.393590e+00 7.166866e+00 
5.428310e+00 7.144928e+00 
5.462800e+00 7.123278e+00 
5.497640e+00 7.101476e+00 
5.532670e+00 7.079784e+00 
5.567280e+00 7.058470e+00 
5.602000e+00 7.037153e+00 
5.637270e+00 7.015756e+00 
5.672410e+00 6.994548e+00 
5.707020e+00 6.973722e+00 
5.742040e+00 6.952909e+00 
5.777430e+00 6.931981e+00 
5.812210e+00 6.911475e+00 
5.846820e+00 6.891298e+00 
5.881610e+00 6.871120e+00 
5.916510e+00 6.850937e+00 
5.951600e+00 6.830899e+00 
5.986560e+00 6.811083e+00 
6.021830e+00 6.791149e+00 
6.056490e+00 6.771757e+00 
6.091160e+00 6.752533e+00 
6.125830e+00 6.733364e+00 
6.161090e+00 6.714002e+00 
6.195760e+00 6.695187e+00 
6.230420e+00 6.676431e+00 
6.265690e+00 6.657409e+00 
6.300950e+00 6.638717e+00 
6.335620e+00 6.620388e+00 
6.370880e+00 6.601800e+00 
6.405550e+00 6.583750e+00 
6.440220e+00 6.565821e+00 
6.475480e+00 6.547637e+00 
6.510150e+00 6.529883e+00 
6.544810e+00 6.512354e+00 
6.580080e+00 6.494565e+00 
6.614750e+00 6.477126e+00 
6.649410e+00 6.459981e+00 
6.684080e+00 6.442925e+00 
6.719340e+00 6.425625e+00 
6.754010e+00 6.408729e+00 
6.788680e+00 6.392041e+00 
6.823940e+00 6.375113e+00 
6.859800e+00 6.357943e+00 
6.894470e+00 6.341572e+00 
6.929140e+00 6.325311e+00 
6.963800e+00 6.309096e+00 
6.999070e+00 6.292654e+00 
7.033730e+00 6.276761e+00 
7.068400e+00 6.260903e+00 
7.103660e+00 6.244816e+00 
7.138330e+00 6.229125e+00 
7.173600e+00 6.213380e+00 
7.208260e+00 6.197946e+00 
7.243530e+00 6.182280e+00 
7.277600e+00 6.167315e+00 
7.312860e+00 6.151986e+00 
7.348120e+00 6.136695e+00 
7.382790e+00 6.121697e+00 
7.417460e+00 6.106887e+00 
7.452720e+00 6.091940e+00 
7.487390e+00 6.077278e+00 
7.522650e+00 6.062404e+00 
7.557320e+00 6.047978e+00 
7.591990e+00 6.033648e+00 
7.627250e+00 6.019109e+00 
7.662510e+00 6.004605e+00 
7.697180e+00 5.990546e+00 
7.731850e+00 5.976585e+00 
7.766510e+00 5.962661e+00 
7.801180e+00 5.948766e+00 
7.836440e+00 5.934813e+00 
7.871110e+00 5.921217e+00 
7.906380e+00 5.907418e+00 
7.941040e+00 5.893890e+00 
7.976310e+00 5.880242e+00 
8.011570e+00 5.866736e+00 
8.046240e+00 5.853487e+00 
8.080900e+00 5.840271e+00 
8.115570e+00 5.827129e+00 
8.150830e+00 5.813977e+00 
8.185500e+00 5.801074e+00 
8.220770e+00 5.787977e+00 
8.255430e+00 5.775136e+00 
8.290100e+00 5.762490e+00 
8.324770e+00 5.749892e+00 
8.359430e+00 5.737326e+00 
8.394700e+00 5.724566e+00 
8.429960e+00 5.711946e+00 
8.464630e+00 5.699675e+00 
8.499890e+00 5.687222e+00 
8.534560e+00 5.675004e+00 
8.569200e+00 5.662823e+00 
