# Parameters:
# omega_b = 0.022500, omega_m = 0.137500, n_s = 0.950000, h = 69.033203, w = -1.000000,sigma_8 = 0.810000
# z = 0.500000
#
# k[1/Mpc] # Delta^2:
8.694000e-04 3.575604e-07 
2.077466e-03 1.028056e-05 
3.285532e-03 5.706170e-05 
4.493598e-03 1.777363e-04 
5.701664e-03 4.103802e-04 
6.909730e-03 7.887880e-04 
8.117797e-03 1.341380e-03 
9.325863e-03 2.086653e-03 
1.053393e-02 3.033821e-03 
1.174199e-02 4.183446e-03 
1.295006e-02 5.524387e-03 
1.415813e-02 7.042247e-03 
1.536619e-02 8.718643e-03 
1.657426e-02 1.052919e-02 
1.778233e-02 1.244728e-02 
1.899039e-02 1.446032e-02 
2.019846e-02 1.655484e-02 
2.140652e-02 1.872482e-02 
2.261459e-02 2.096242e-02 
2.382266e-02 2.327206e-02 
2.503072e-02 2.566420e-02 
2.623879e-02 2.814972e-02 
2.744685e-02 3.074252e-02 
2.865492e-02 3.346185e-02 
2.986299e-02 3.632487e-02 
3.100100e-02 3.917444e-02 
3.220400e-02 4.236384e-02 
3.288100e-02 4.424849e-02 
3.424300e-02 4.824401e-02 
3.555100e-02 5.234109e-02 
3.686000e-02 5.670869e-02 
3.795000e-02 6.054535e-02 
3.929100e-02 6.551694e-02 
4.039800e-02 6.980558e-02 
4.164000e-02 7.479643e-02 
4.294400e-02 8.018475e-02 
4.415000e-02 8.528736e-02 
4.542900e-02 9.073249e-02 
4.660900e-02 9.578908e-02 
4.782300e-02 1.008913e-01 
4.892900e-02 1.054822e-01 
5.031200e-02 1.110621e-01 
5.155900e-02 1.158850e-01 
5.238100e-02 1.189539e-01 
5.378200e-02 1.239769e-01 
5.513400e-02 1.285494e-01 
5.627600e-02 1.322123e-01 
5.735300e-02 1.355296e-01 
5.870100e-02 1.395277e-01 
5.988700e-02 1.429545e-01 
6.113500e-02 1.465077e-01 
6.225900e-02 1.497098e-01 
6.340100e-02 1.530152e-01 
6.480200e-02 1.571798e-01 
6.601100e-02 1.609580e-01 
6.725500e-02 1.650634e-01 
6.829100e-02 1.687180e-01 
6.958600e-02 1.735406e-01 
7.071100e-02 1.780325e-01 
7.192300e-02 1.831762e-01 
7.307400e-02 1.883595e-01 
7.412300e-02 1.933331e-01 
7.550400e-02 2.002669e-01 
7.663100e-02 2.061815e-01 
7.791200e-02 2.132189e-01 
7.912700e-02 2.201202e-01 
8.027600e-02 2.267844e-01 
8.138400e-02 2.333003e-01 
8.272200e-02 2.412278e-01 
8.406100e-02 2.491512e-01 
8.534100e-02 2.565789e-01 
8.653800e-02 2.633292e-01 
8.759800e-02 2.691636e-01 
8.900300e-02 2.766127e-01 
9.009000e-02 2.820932e-01 
9.113300e-02 2.870772e-01 
9.239600e-02 2.928740e-01 
9.358000e-02 2.979998e-01 
9.496100e-02 3.035744e-01 
9.608400e-02 3.079102e-01 
9.727500e-02 3.123529e-01 
9.852600e-02 3.167800e-01 
9.973800e-02 3.210227e-01 
1.009000e-01 3.250512e-01 
1.020900e-01 3.292441e-01 
1.034000e-01 3.339445e-01 
1.046000e-01 3.383540e-01 
1.057200e-01 3.427574e-01 
1.069100e-01 3.475603e-01 
1.082500e-01 3.533746e-01 
1.093900e-01 3.586191e-01 
1.105400e-01 3.640995e-01 
1.116900e-01 3.700302e-01 
1.129600e-01 3.767698e-01 
1.142000e-01 3.837765e-01 
1.153300e-01 3.903421e-01 
1.166400e-01 3.982262e-01 
1.177800e-01 4.052810e-01 
1.190000e-01 4.129664e-01 
1.201200e-01 4.200984e-01 
1.213400e-01 4.279453e-01 
1.227100e-01 4.366826e-01 
1.238900e-01 4.442222e-01 
1.250700e-01 4.516119e-01 
1.263200e-01 4.593954e-01 
1.275500e-01 4.668626e-01 
1.287500e-01 4.740516e-01 
1.299900e-01 4.812874e-01 
1.311300e-01 4.878356e-01 
1.323500e-01 4.946592e-01 
1.335900e-01 5.015046e-01 
1.347100e-01 5.075471e-01 
1.359800e-01 5.143472e-01 
1.372100e-01 5.207998e-01 
1.384300e-01 5.271829e-01 
1.395700e-01 5.330779e-01 
1.407700e-01 5.392936e-01 
1.420300e-01 5.458079e-01 
1.432800e-01 5.522838e-01 
1.444500e-01 5.584371e-01 
1.456300e-01 5.646562e-01 
1.468900e-01 5.714413e-01 
1.480500e-01 5.777429e-01 
1.491700e-01 5.839377e-01 
1.503800e-01 5.907736e-01 
1.516400e-01 5.979645e-01 
1.528200e-01 6.049412e-01 
1.540200e-01 6.120635e-01 
1.551900e-01 6.192424e-01 
1.564300e-01 6.269363e-01 
1.576600e-01 6.346993e-01 
1.588700e-01 6.424906e-01 
1.600900e-01 6.503930e-01 
1.612700e-01 6.582101e-01 
1.625400e-01 6.666687e-01 
1.637600e-01 6.748617e-01 
1.649500e-01 6.829093e-01 
1.662200e-01 6.915363e-01 
1.674000e-01 6.995488e-01 
1.685000e-01 7.070541e-01 
1.697500e-01 7.155520e-01 
1.710300e-01 7.242239e-01 
1.722200e-01 7.323252e-01 
1.734400e-01 7.404839e-01 
1.746400e-01 7.485354e-01 
1.758700e-01 7.567633e-01 
1.770900e-01 7.648332e-01 
1.782700e-01 7.726680e-01 
1.794600e-01 7.805149e-01 
1.807000e-01 7.886635e-01 
1.819100e-01 7.966427e-01 
1.830100e-01 8.038646e-01 
1.842200e-01 8.118238e-01 
1.855000e-01 8.202718e-01 
1.867000e-01 8.282259e-01 
1.879200e-01 8.363384e-01 
1.890900e-01 8.441554e-01 
1.902800e-01 8.521968e-01 
1.915200e-01 8.606038e-01 
1.926900e-01 8.685893e-01 
1.939000e-01 8.769644e-01 
1.951700e-01 8.857862e-01 
1.963100e-01 8.937686e-01 
1.975100e-01 9.022991e-01 
1.987800e-01 9.113609e-01 
2.000100e-01 9.202064e-01 
2.012500e-01 9.292426e-01 
2.023400e-01 9.372148e-01 
2.036100e-01 9.465568e-01 
2.048900e-01 9.560849e-01 
2.060400e-01 9.646789e-01 
2.072200e-01 9.735335e-01 
2.084200e-01 9.826157e-01 
2.096900e-01 9.922662e-01 
2.109200e-01 1.001651e+00 
2.121100e-01 1.010766e+00 
2.132700e-01 1.019685e+00 
2.145200e-01 1.029334e+00 
2.157200e-01 1.038618e+00 
2.168800e-01 1.047620e+00 
2.180700e-01 1.056889e+00 
2.193400e-01 1.066805e+00 
2.206000e-01 1.076652e+00 
2.217500e-01 1.085674e+00 
2.229500e-01 1.095120e+00 
2.241400e-01 1.104487e+00 
2.253500e-01 1.114045e+00 
2.264900e-01 1.123081e+00 
2.277100e-01 1.132765e+00 
2.289900e-01 1.142940e+00 
2.301500e-01 1.152194e+00 
2.313600e-01 1.161879e+00 
2.325600e-01 1.171501e+00 
2.337700e-01 1.181236e+00 
2.350000e-01 1.191166e+00 
2.362000e-01 1.200888e+00 
2.374100e-01 1.210726e+00 
2.386500e-01 1.220842e+00 
2.399100e-01 1.231158e+00 
2.410400e-01 1.240461e+00 
2.422500e-01 1.250458e+00 
2.435000e-01 1.260820e+00 
2.447300e-01 1.271059e+00 
2.458700e-01 1.280613e+00 
2.470600e-01 1.290618e+00 
2.483300e-01 1.301331e+00 
2.495600e-01 1.311773e+00 
2.507600e-01 1.322035e+00 
2.519600e-01 1.332332e+00 
2.532200e-01 1.343181e+00 
2.543700e-01 1.353157e+00 
2.555500e-01 1.363454e+00 
2.568000e-01 1.374400e+00 
2.580100e-01 1.385033e+00 
2.592400e-01 1.395931e+00 
2.604100e-01 1.406358e+00 
2.616100e-01 1.417087e+00 
2.628400e-01 1.428124e+00 
2.640600e-01 1.439158e+00 
2.652200e-01 1.449706e+00 
2.664300e-01 1.460747e+00 
2.676500e-01 1.471917e+00 
2.688400e-01 1.482886e+00 
2.700700e-01 1.494285e+00 
2.712400e-01 1.505166e+00 
2.724800e-01 1.516739e+00 
2.736700e-01 1.527892e+00 
2.748800e-01 1.539282e+00 
2.761000e-01 1.550807e+00 
2.773200e-01 1.562372e+00 
2.785400e-01 1.573982e+00 
2.797000e-01 1.585072e+00 
2.808900e-01 1.596486e+00 
2.821400e-01 1.608518e+00 
2.833900e-01 1.620593e+00 
2.845500e-01 1.631834e+00 
2.857800e-01 1.643794e+00 
2.870300e-01 1.655992e+00 
2.882100e-01 1.667545e+00 
2.893900e-01 1.679132e+00 
2.906300e-01 1.691345e+00 
2.918900e-01 1.703799e+00 
2.930500e-01 1.715303e+00 
2.942500e-01 1.727240e+00 
2.954200e-01 1.738910e+00 
2.966500e-01 1.751218e+00 
2.978900e-01 1.763669e+00 
2.990400e-01 1.775254e+00 
3.002700e-01 1.787682e+00 
3.015100e-01 1.800252e+00 
3.026800e-01 1.812152e+00 
3.038500e-01 1.824090e+00 
3.050300e-01 1.836167e+00 
3.062600e-01 1.848798e+00 
3.075000e-01 1.861574e+00 
3.087000e-01 1.873979e+00 
3.099100e-01 1.886527e+00 
3.111200e-01 1.899121e+00 
3.123100e-01 1.911556e+00 
3.135300e-01 1.924346e+00 
3.147300e-01 1.936967e+00 
3.159900e-01 1.950262e+00 
3.171800e-01 1.962870e+00 
3.183700e-01 1.975526e+00 
3.196300e-01 1.988969e+00 
3.208400e-01 2.001922e+00 
3.220300e-01 2.014700e+00 
3.232000e-01 2.027329e+00 
3.244300e-01 2.040659e+00 
3.256700e-01 2.054140e+00 
3.269200e-01 2.067775e+00 
3.280800e-01 2.080469e+00 
3.292500e-01 2.093340e+00 
3.304800e-01 2.106924e+00 
3.317100e-01 2.120551e+00 
3.328900e-01 2.133667e+00 
3.340700e-01 2.146822e+00 
3.353600e-01 2.161288e+00 
3.365300e-01 2.174464e+00 
3.377100e-01 2.187793e+00 
3.389200e-01 2.201505e+00 
3.401600e-01 2.215602e+00 
3.413700e-01 2.229429e+00 
3.425300e-01 2.242745e+00 
3.437700e-01 2.257025e+00 
3.449800e-01 2.271003e+00 
3.461800e-01 2.284911e+00 
3.473600e-01 2.298644e+00 
3.485800e-01 2.312924e+00 
3.498100e-01 2.327368e+00 
3.510200e-01 2.341622e+00 
3.522000e-01 2.355567e+00 
3.533900e-01 2.369674e+00 
3.546400e-01 2.384592e+00 
3.558400e-01 2.398963e+00 
3.570600e-01 2.413619e+00 
3.582700e-01 2.428202e+00 
3.595000e-01 2.443074e+00 
3.607100e-01 2.457777e+00 
3.618900e-01 2.472181e+00 
3.631200e-01 2.487244e+00 
3.643200e-01 2.501986e+00 
3.655500e-01 2.517145e+00 
3.667300e-01 2.531734e+00 
3.679500e-01 2.546928e+00 
3.691900e-01 2.562422e+00 
3.703600e-01 2.577087e+00 
3.715700e-01 2.592301e+00 
3.727700e-01 2.607437e+00 
3.739900e-01 2.622883e+00 
3.752000e-01 2.638267e+00 
3.763900e-01 2.653444e+00 
3.775800e-01 2.668668e+00 
3.788200e-01 2.684582e+00 
3.800300e-01 2.700161e+00 
3.812100e-01 2.715372e+00 
3.824200e-01 2.730998e+00 
3.836100e-01 2.746413e+00 
3.848600e-01 2.762656e+00 
3.860400e-01 2.778037e+00 
3.872400e-01 2.793727e+00 
3.884600e-01 2.809816e+00 
3.896500e-01 2.825592e+00 
3.908700e-01 2.841816e+00 
3.920600e-01 2.857691e+00 
3.933100e-01 2.874418e+00 
3.945300e-01 2.890797e+00 
3.957200e-01 2.906788e+00 
3.969300e-01 2.923089e+00 
3.981700e-01 2.939846e+00 
3.993500e-01 2.955841e+00 
4.094840e-01 3.094874e+00 
4.272360e-01 3.347543e+00 
4.454600e-01 3.617189e+00 
4.630560e-01 3.887228e+00 
4.804610e-01 4.163549e+00 
4.980690e-01 4.452878e+00 
5.159230e-01 4.756095e+00 
5.317440e-01 5.033756e+00 
5.489640e-01 5.344537e+00 
5.671990e-01 5.684108e+00 
5.838690e-01 6.004470e+00 
6.018840e-01 6.361815e+00 
6.202330e-01 6.737514e+00 
6.379250e-01 7.110110e+00 
6.545410e-01 7.470219e+00 
6.714560e-01 7.846774e+00 
6.892080e-01 8.252339e+00 
7.066010e-01 8.658992e+00 
7.240540e-01 9.077725e+00 
7.420450e-01 9.521265e+00 
7.593780e-01 9.956269e+00 
7.764720e-01 1.039524e+01 
7.942840e-01 1.086306e+01 
8.116170e-01 1.132517e+01 
8.288310e-01 1.179382e+01 
8.462240e-01 1.227434e+01 
8.631980e-01 1.275135e+01 
8.810700e-01 1.326222e+01 
8.989410e-01 1.378179e+01 
9.166330e-01 1.430277e+01 
9.345640e-01 1.483653e+01 
9.515980e-01 1.535036e+01 
9.688720e-01 1.587877e+01 
9.865640e-01 1.642564e+01 
1.031870e+00 1.785199e+01 
1.063490e+00 1.886860e+01 
1.097920e+00 1.999267e+01 
1.134370e+00 2.120428e+01 
1.167730e+00 2.232482e+01 
1.203830e+00 2.355487e+01 
1.240470e+00 2.481886e+01 
1.275790e+00 2.604619e+01 
1.309140e+00 2.721945e+01 
1.342970e+00 2.841366e+01 
1.378420e+00 2.968052e+01 
1.413200e+00 3.092796e+01 
1.448110e+00 3.218828e+01 
1.484090e+00 3.349638e+01 
1.518820e+00 3.476530e+01 
1.552880e+00 3.601011e+01 
1.588630e+00 3.732642e+01 
1.623230e+00 3.860556e+01 
1.657720e+00 3.988429e+01 
1.692450e+00 4.118339e+01 
1.726400e+00 4.244561e+01 
1.762200e+00 4.377904e+01 
1.797880e+00 4.511330e+01 
1.833270e+00 4.643939e+01 
1.869070e+00 4.778138e+01 
1.903200e+00 4.906595e+01 
1.937740e+00 5.036607e+01 
1.973190e+00 5.170022e+01 
2.007440e+00 5.298963e+01 
2.042160e+00 5.429740e+01 
2.077900e+00 5.564084e+01 
2.112390e+00 5.694647e+01 
2.146220e+00 5.821324e+01 
2.181600e+00 5.954631e+01 
2.216930e+00 6.087765e+01 
2.250760e+00 6.214839e+01 
2.286500e+00 6.348818e+01 
2.321770e+00 6.481119e+01 
2.355950e+00 6.609305e+01 
2.391280e+00 6.741057e+01 
2.426240e+00 6.871719e+01 
2.460670e+00 7.000095e+01 
2.495640e+00 7.129739e+01 
2.531080e+00 7.261817e+01 
2.566220e+00 7.392122e+01 
2.600830e+00 7.520223e+01 
2.635080e+00 7.646916e+01 
2.670340e+00 7.776360e+01 
2.705970e+00 7.907665e+01 
2.740040e+00 8.033236e+01 
2.774520e+00 8.159010e+01 
2.809730e+00 8.287673e+01 
2.844390e+00 8.414269e+01 
2.879960e+00 8.543644e+01 
2.914860e+00 8.670120e+01 
2.949410e+00 8.795187e+01 
2.984440e+00 8.922132e+01 
3.019760e+00 9.049322e+01 
3.054730e+00 9.174733e+01 
3.089030e+00 9.297607e+01 
3.124060e+00 9.422920e+01 
3.159560e+00 9.549685e+01 
3.194710e+00 9.674996e+01 
3.229010e+00 9.797049e+01 
3.263320e+00 9.917974e+01 
3.297930e+00 1.003991e+02 
3.332830e+00 1.016294e+02 
3.368040e+00 1.028659e+02 
3.403300e+00 1.040998e+02 
3.438450e+00 1.053233e+02 
3.473060e+00 1.065247e+02 
3.508440e+00 1.077591e+02 
3.543110e+00 1.089653e+02 
3.577470e+00 1.101513e+02 
3.613040e+00 1.113785e+02 
3.648120e+00 1.125923e+02 
3.682910e+00 1.137889e+02 
3.718050e+00 1.149855e+02 
3.753320e+00 1.161892e+02 
3.787980e+00 1.173779e+02 
3.822290e+00 1.185483e+02 
3.857020e+00 1.197245e+02 
3.891920e+00 1.209037e+02 
3.926650e+00 1.220745e+02 
3.961970e+00 1.232621e+02 
3.997360e+00 1.244491e+02 
4.031670e+00 1.255977e+02 
4.066330e+00 1.267596e+02 
4.101420e+00 1.279325e+02 
4.136200e+00 1.290912e+02 
4.170810e+00 1.302409e+02 
4.206250e+00 1.314198e+02 
4.241580e+00 1.325925e+02 
4.276300e+00 1.337403e+02 
4.310970e+00 1.348822e+02 
4.346120e+00 1.360392e+02 
4.380600e+00 1.371756e+02 
4.414730e+00 1.382971e+02 
4.450350e+00 1.394619e+02 
4.485320e+00 1.406018e+02 
4.519810e+00 1.417283e+02 
4.555430e+00 1.428906e+02 
4.590870e+00 1.440458e+02 
4.625480e+00 1.451752e+02 
4.659910e+00 1.462954e+02 
4.695230e+00 1.474402e+02 
4.729960e+00 1.485621e+02 
4.764450e+00 1.496723e+02 
4.799530e+00 1.507970e+02 
4.834910e+00 1.519276e+02 
4.869700e+00 1.530509e+02 
4.904370e+00 1.541693e+02 
4.939450e+00 1.552972e+02 
4.973940e+00 1.564017e+02 
5.008430e+00 1.575028e+02 
5.043810e+00 1.586281e+02 
5.078840e+00 1.597384e+02 
5.113500e+00 1.608333e+02 
5.148890e+00 1.619650e+02 
5.184210e+00 1.630917e+02 
5.219060e+00 1.641972e+02 
5.253660e+00 1.652836e+02 
5.288570e+00 1.663761e+02 
5.323420e+00 1.674718e+02 
5.358440e+00 1.685792e+02 
5.393590e+00 1.696871e+02 
5.428310e+00 1.707777e+02 
5.462800e+00 1.718574e+02 
5.497640e+00 1.729445e+02 
5.532670e+00 1.740479e+02 
5.567280e+00 1.751391e+02 
5.602000e+00 1.762305e+02 
5.637270e+00 1.773272e+02 
5.672410e+00 1.784143e+02 
5.707020e+00 1.794813e+02 
5.742040e+00 1.805734e+02 
5.777430e+00 1.816768e+02 
5.812210e+00 1.827577e+02 
5.846820e+00 1.838291e+02 
5.881610e+00 1.849023e+02 
5.916510e+00 1.859754e+02 
5.951600e+00 1.870578e+02 
5.986560e+00 1.881358e+02 
6.021830e+00 1.892199e+02 
6.056490e+00 1.902866e+02 
6.091160e+00 1.913543e+02 
6.125830e+00 1.924187e+02 
6.161090e+00 1.934976e+02 
6.195760e+00 1.945544e+02 
6.230420e+00 1.956074e+02 
6.265690e+00 1.966759e+02 
6.300950e+00 1.977508e+02 
6.335620e+00 1.988042e+02 
6.370880e+00 1.998722e+02 
6.405550e+00 2.009248e+02 
6.440220e+00 2.019766e+02 
6.475480e+00 2.030429e+02 
6.510150e+00 2.040910e+02 
6.544810e+00 2.051424e+02 
6.580080e+00 2.062089e+02 
6.614750e+00 2.072540e+02 
6.649410e+00 2.082954e+02 
6.684080e+00 2.093338e+02 
6.719340e+00 2.103865e+02 
6.754010e+00 2.114209e+02 
6.788680e+00 2.124583e+02 
6.823940e+00 2.135101e+02 
6.859800e+00 2.145763e+02 
6.894470e+00 2.156107e+02 
6.929140e+00 2.166444e+02 
6.963800e+00 2.176745e+02 
6.999070e+00 2.187196e+02 
7.033730e+00 2.197434e+02 
7.068400e+00 2.207642e+02 
7.103660e+00 2.217991e+02 
7.138330e+00 2.228195e+02 
7.173600e+00 2.238673e+02 
7.208260e+00 2.248938e+02 
7.243530e+00 2.259352e+02 
7.277600e+00 2.269330e+02 
7.312860e+00 2.279577e+02 
7.348120e+00 2.289791e+02 
7.382790e+00 2.299801e+02 
7.417460e+00 2.309904e+02 
7.452720e+00 2.320214e+02 
7.487390e+00 2.330320e+02 
7.522650e+00 2.340565e+02 
7.557320e+00 2.350609e+02 
7.591990e+00 2.360621e+02 
7.627250e+00 2.370771e+02 
7.662510e+00 2.380889e+02 
7.697180e+00 2.390875e+02 
7.731850e+00 2.400858e+02 
7.766510e+00 2.410807e+02 
7.801180e+00 2.420728e+02 
7.836440e+00 2.430786e+02 
7.871110e+00 2.440643e+02 
7.906380e+00 2.450639e+02 
7.941040e+00 2.460431e+02 
7.976310e+00 2.470410e+02 
8.011570e+00 2.480411e+02 
8.046240e+00 2.490213e+02 
8.080900e+00 2.499981e+02 
8.115570e+00 2.509734e+02 
8.150830e+00 2.519667e+02 
8.185500e+00 2.529403e+02 
8.220770e+00 2.539276e+02 
8.255430e+00 2.548948e+02 
8.290100e+00 2.558641e+02 
8.324770e+00 2.568311e+02 
8.359430e+00 2.577947e+02 
8.394700e+00 2.587721e+02 
8.429960e+00 2.597492e+02 
8.464630e+00 2.607101e+02 
8.499890e+00 2.616842e+02 
8.534560e+00 2.626390e+02 
8.569200e+00 2.635899e+02 
