# Parameters:
# omega_b = 0.022500, omega_m = 0.137500, n_s = 0.950000, h = 69.033203, w = -1.000000,sigma_8 = 0.755000
# z = 0.879999
#
# k[1/Mpc] # Delta^2 / k^1.5:
8.694000e-04 8.506714e-03 
2.077466e-03 6.623644e-02 
3.285532e-03 1.848642e-01 
4.493598e-03 3.600153e-01 
5.701664e-03 5.816576e-01 
6.909730e-03 8.380965e-01 
8.117797e-03 1.119321e+00 
9.325863e-03 1.414183e+00 
1.053393e-02 1.712861e+00 
1.174199e-02 2.007138e+00 
1.295006e-02 2.288684e+00 
1.415813e-02 2.552548e+00 
1.536619e-02 2.795364e+00 
1.657426e-02 3.014086e+00 
1.778233e-02 3.206670e+00 
1.899039e-02 3.375866e+00 
2.019846e-02 3.523859e+00 
2.140652e-02 3.653851e+00 
2.261459e-02 3.767685e+00 
2.382266e-02 3.869066e+00 
2.503072e-02 3.961780e+00 
2.623879e-02 4.048712e+00 
2.744685e-02 4.132570e+00 
2.865492e-02 4.216096e+00 
2.986299e-02 4.301139e+00 
3.100100e-02 4.384618e+00 
3.220400e-02 4.477395e+00 
3.288100e-02 4.532416e+00 
3.424300e-02 4.648930e+00 
3.555100e-02 4.767373e+00 
3.686000e-02 4.892372e+00 
3.795000e-02 5.000234e+00 
3.929100e-02 5.137077e+00 
4.039800e-02 5.251211e+00 
4.164000e-02 5.378607e+00 
4.294400e-02 5.507885e+00 
4.415000e-02 5.622532e+00 
4.542900e-02 5.733386e+00 
4.660900e-02 5.826954e+00 
4.782300e-02 5.907028e+00 
4.892900e-02 5.968936e+00 
5.031200e-02 6.028028e+00 
5.155900e-02 6.062368e+00 
5.238100e-02 6.075963e+00 
5.378200e-02 6.083601e+00 
5.513400e-02 6.072678e+00 
5.627600e-02 6.051492e+00 
5.735300e-02 6.023824e+00 
5.870100e-02 5.981191e+00 
5.988700e-02 5.939417e+00 
6.113500e-02 5.893302e+00 
6.225900e-02 5.852209e+00 
6.340100e-02 5.813116e+00 
6.480200e-02 5.770185e+00 
6.601100e-02 5.740672e+00 
6.725500e-02 5.718626e+00 
6.829100e-02 5.708909e+00 
6.958600e-02 5.705074e+00 
7.071100e-02 5.711419e+00 
7.192300e-02 5.727178e+00 
7.307400e-02 5.750293e+00 
7.412300e-02 5.777619e+00 
7.550400e-02 5.822686e+00 
7.663100e-02 5.864447e+00 
7.791200e-02 5.917876e+00 
7.912700e-02 5.971495e+00 
8.027600e-02 6.022807e+00 
8.138400e-02 6.071622e+00 
8.272200e-02 6.128001e+00 
8.406100e-02 6.179798e+00 
8.534100e-02 6.221813e+00 
8.653800e-02 6.253047e+00 
8.759800e-02 6.275035e+00 
8.900300e-02 6.294577e+00 
9.009000e-02 6.301116e+00 
9.113300e-02 6.299655e+00 
9.239600e-02 6.291193e+00 
9.358000e-02 6.275280e+00 
9.496100e-02 6.246808e+00 
9.608400e-02 6.218970e+00 
9.727500e-02 6.185974e+00 
9.852600e-02 6.145734e+00 
9.973800e-02 6.105880e+00 
1.009000e-01 6.067022e+00 
1.020900e-01 6.028358e+00 
1.034000e-01 5.987823e+00 
1.046000e-01 5.952941e+00 
1.057200e-01 5.925958e+00 
1.069100e-01 5.899767e+00 
1.082500e-01 5.877974e+00 
1.093900e-01 5.864976e+00 
1.105400e-01 5.855111e+00 
1.116900e-01 5.853455e+00 
1.129600e-01 5.854445e+00 
1.142000e-01 5.862622e+00 
1.153300e-01 5.872691e+00 
1.166400e-01 5.888488e+00 
1.177800e-01 5.904935e+00 
1.190000e-01 5.923855e+00 
1.201200e-01 5.942110e+00 
1.213400e-01 5.962211e+00 
1.227100e-01 5.983019e+00 
1.238900e-01 6.000121e+00 
1.250700e-01 6.014178e+00 
1.263200e-01 6.027380e+00 
1.275500e-01 6.036507e+00 
1.287500e-01 6.043062e+00 
1.299900e-01 6.046050e+00 
1.311300e-01 6.046390e+00 
1.323500e-01 6.043082e+00 
1.335900e-01 6.037483e+00 
1.347100e-01 6.029443e+00 
1.359800e-01 6.018818e+00 
1.372100e-01 6.005461e+00 
1.384300e-01 5.991406e+00 
1.395700e-01 5.976286e+00 
1.407700e-01 5.960288e+00 
1.420300e-01 5.942266e+00 
1.432800e-01 5.924440e+00 
1.444500e-01 5.908083e+00 
1.456300e-01 5.891632e+00 
1.468900e-01 5.875865e+00 
1.480500e-01 5.861911e+00 
1.491700e-01 5.849863e+00 
1.503800e-01 5.838672e+00 
1.516400e-01 5.827807e+00 
1.528200e-01 5.821037e+00 
1.540200e-01 5.814160e+00 
1.551900e-01 5.810852e+00 
1.564300e-01 5.808179e+00 
1.576600e-01 5.807144e+00 
1.588700e-01 5.808092e+00 
1.600900e-01 5.809170e+00 
1.612700e-01 5.812503e+00 
1.625400e-01 5.816092e+00 
1.637600e-01 5.820030e+00 
1.649500e-01 5.824163e+00 
1.662200e-01 5.828463e+00 
1.674000e-01 5.831825e+00 
1.685000e-01 5.834960e+00 
1.697500e-01 5.837513e+00 
1.710300e-01 5.839106e+00 
1.722200e-01 5.840588e+00 
1.734400e-01 5.839369e+00 
1.746400e-01 5.838054e+00 
1.758700e-01 5.835840e+00 
1.770900e-01 5.831861e+00 
1.782700e-01 5.828016e+00 
1.794600e-01 5.822893e+00 
1.807000e-01 5.816713e+00 
1.819100e-01 5.810689e+00 
1.830100e-01 5.804303e+00 
1.842200e-01 5.797128e+00 
1.855000e-01 5.789541e+00 
1.867000e-01 5.782306e+00 
1.879200e-01 5.774959e+00 
1.890900e-01 5.768047e+00 
1.902800e-01 5.761677e+00 
1.915200e-01 5.755047e+00 
1.926900e-01 5.749117e+00 
1.939000e-01 5.744035e+00 
1.951700e-01 5.738707e+00 
1.963100e-01 5.734318e+00 
1.975100e-01 5.730753e+00 
1.987800e-01 5.726983e+00 
2.000100e-01 5.723760e+00 
2.012500e-01 5.721508e+00 
2.023400e-01 5.719530e+00 
2.036100e-01 5.717436e+00 
2.048900e-01 5.716150e+00 
2.060400e-01 5.714995e+00 
2.072200e-01 5.713855e+00 
2.084200e-01 5.713244e+00 
2.096900e-01 5.712599e+00 
2.109200e-01 5.711974e+00 
2.121100e-01 5.711446e+00 
2.132700e-01 5.710936e+00 
2.145200e-01 5.710386e+00 
2.157200e-01 5.709782e+00 
2.168800e-01 5.709162e+00 
2.180700e-01 5.708525e+00 
2.193400e-01 5.707725e+00 
2.206000e-01 5.706705e+00 
2.217500e-01 5.705774e+00 
2.229500e-01 5.704802e+00 
2.241400e-01 5.703559e+00 
2.253500e-01 5.702288e+00 
2.264900e-01 5.701090e+00 
2.277100e-01 5.699714e+00 
2.289900e-01 5.698163e+00 
2.301500e-01 5.696758e+00 
2.313600e-01 5.695293e+00 
2.325600e-01 5.693808e+00 
2.337700e-01 5.692311e+00 
2.350000e-01 5.690791e+00 
2.362000e-01 5.689376e+00 
2.374100e-01 5.688031e+00 
2.386500e-01 5.686653e+00 
2.399100e-01 5.685253e+00 
2.410400e-01 5.684210e+00 
2.422500e-01 5.683122e+00 
2.435000e-01 5.681997e+00 
2.447300e-01 5.680961e+00 
2.458700e-01 5.680282e+00 
2.470600e-01 5.679573e+00 
2.483300e-01 5.678816e+00 
2.495600e-01 5.678222e+00 
2.507600e-01 5.677834e+00 
2.519600e-01 5.677445e+00 
2.532200e-01 5.677037e+00 
2.543700e-01 5.676854e+00 
2.555500e-01 5.676796e+00 
2.568000e-01 5.676735e+00 
2.580100e-01 5.676676e+00 
2.592400e-01 5.676786e+00 
2.604100e-01 5.676967e+00 
2.616100e-01 5.677152e+00 
2.628400e-01 5.677341e+00 
2.640600e-01 5.677626e+00 
2.652200e-01 5.677936e+00 
2.664300e-01 5.678259e+00 
2.676500e-01 5.678584e+00 
2.688400e-01 5.678952e+00 
2.700700e-01 5.679364e+00 
2.712400e-01 5.679756e+00 
2.724800e-01 5.680171e+00 
2.736700e-01 5.680568e+00 
2.748800e-01 5.680968e+00 
2.761000e-01 5.681372e+00 
2.773200e-01 5.681776e+00 
2.785400e-01 5.682170e+00 
2.797000e-01 5.682523e+00 
2.808900e-01 5.682886e+00 
2.821400e-01 5.683266e+00 
2.833900e-01 5.683643e+00 
2.845500e-01 5.683917e+00 
2.857800e-01 5.684207e+00 
2.870300e-01 5.684501e+00 
2.882100e-01 5.684780e+00 
2.893900e-01 5.685028e+00 
2.906300e-01 5.685274e+00 
2.918900e-01 5.685523e+00 
2.930500e-01 5.685752e+00 
2.942500e-01 5.685974e+00 
2.954200e-01 5.686140e+00 
2.966500e-01 5.686315e+00 
2.978900e-01 5.686491e+00 
2.990400e-01 5.686655e+00 
3.002700e-01 5.686807e+00 
3.015100e-01 5.686949e+00 
3.026800e-01 5.687083e+00 
3.038500e-01 5.687218e+00 
3.050300e-01 5.687353e+00 
3.062600e-01 5.687485e+00 
3.075000e-01 5.687618e+00 
3.087000e-01 5.687747e+00 
3.099100e-01 5.687877e+00 
3.111200e-01 5.688024e+00 
3.123100e-01 5.688200e+00 
3.135300e-01 5.688379e+00 
3.147300e-01 5.688556e+00 
3.159900e-01 5.688741e+00 
3.171800e-01 5.688954e+00 
3.183700e-01 5.689192e+00 
3.196300e-01 5.689445e+00 
3.208400e-01 5.689687e+00 
3.220300e-01 5.689925e+00 
3.232000e-01 5.690233e+00 
3.244300e-01 5.690586e+00 
3.256700e-01 5.690942e+00 
3.269200e-01 5.691301e+00 
3.280800e-01 5.691635e+00 
3.292500e-01 5.692072e+00 
3.304800e-01 5.692563e+00 
3.317100e-01 5.693054e+00 
3.328900e-01 5.693525e+00 
3.340700e-01 5.693996e+00 
3.353600e-01 5.694634e+00 
3.365300e-01 5.695258e+00 
3.377100e-01 5.695888e+00 
3.389200e-01 5.696534e+00 
3.401600e-01 5.697196e+00 
3.413700e-01 5.697960e+00 
3.425300e-01 5.698774e+00 
3.437700e-01 5.699645e+00 
3.449800e-01 5.700494e+00 
3.461800e-01 5.701337e+00 
3.473600e-01 5.702223e+00 
3.485800e-01 5.703281e+00 
3.498100e-01 5.704347e+00 
3.510200e-01 5.705396e+00 
3.522000e-01 5.706420e+00 
3.533900e-01 5.707452e+00 
3.546400e-01 5.708727e+00 
3.558400e-01 5.709961e+00 
3.570600e-01 5.711217e+00 
3.582700e-01 5.712462e+00 
3.595000e-01 5.713728e+00 
3.607100e-01 5.715080e+00 
3.618900e-01 5.716482e+00 
3.631200e-01 5.717944e+00 
3.643200e-01 5.719370e+00 
3.655500e-01 5.720832e+00 
3.667300e-01 5.722236e+00 
3.679500e-01 5.723882e+00 
3.691900e-01 5.725555e+00 
3.703600e-01 5.727135e+00 
3.715700e-01 5.728769e+00 
3.727700e-01 5.730390e+00 
3.739900e-01 5.732110e+00 
3.752000e-01 5.733946e+00 
3.763900e-01 5.735753e+00 
3.775800e-01 5.737561e+00 
3.788200e-01 5.739445e+00 
3.800300e-01 5.741284e+00 
3.812100e-01 5.743157e+00 
3.824200e-01 5.745131e+00 
3.836100e-01 5.747073e+00 
3.848600e-01 5.749115e+00 
3.860400e-01 5.751042e+00 
3.872400e-01 5.753003e+00 
3.884600e-01 5.755115e+00 
3.896500e-01 5.757221e+00 
3.908700e-01 5.759381e+00 
3.920600e-01 5.761488e+00 
3.933100e-01 5.763702e+00 
3.945300e-01 5.765864e+00 
3.957200e-01 5.768081e+00 
3.969300e-01 5.770367e+00 
3.981700e-01 5.772711e+00 
3.993500e-01 5.774942e+00 
4.094840e-01 5.794317e+00 
4.272360e-01 5.831061e+00 
4.454600e-01 5.869906e+00 
4.630560e-01 5.907875e+00 
4.804610e-01 5.945478e+00 
4.980690e-01 5.983312e+00 
5.159230e-01 6.021518e+00 
5.317440e-01 6.055284e+00 
5.489640e-01 6.092333e+00 
5.671990e-01 6.132287e+00 
5.838690e-01 6.169332e+00 
6.018840e-01 6.210339e+00 
6.202330e-01 6.253421e+00 
6.379250e-01 6.295727e+00 
6.545410e-01 6.337129e+00 
6.714560e-01 6.379959e+00 
6.892080e-01 6.426223e+00 
7.066010e-01 6.472673e+00 
7.240540e-01 6.520013e+00 
7.420450e-01 6.570033e+00 
7.593780e-01 6.618920e+00 
7.764720e-01 6.667562e+00 
7.942840e-01 6.718809e+00 
8.116170e-01 6.769109e+00 
8.288310e-01 6.819394e+00 
8.462240e-01 6.870206e+00 
8.631980e-01 6.919759e+00 
8.810700e-01 6.971836e+00 
8.989410e-01 7.023765e+00 
9.166330e-01 7.074786e+00 
9.345640e-01 7.126122e+00 
9.515980e-01 7.174395e+00 
9.688720e-01 7.222824e+00 
9.865640e-01 7.271746e+00 
1.031870e+00 7.393980e+00 
1.063490e+00 7.475824e+00 
1.097920e+00 7.562591e+00 
1.134370e+00 7.649972e+00 
1.167730e+00 7.726919e+00 
1.203830e+00 7.805851e+00 
1.240470e+00 7.882486e+00 
1.275790e+00 7.951690e+00 
1.309140e+00 8.014454e+00 
1.342970e+00 8.073534e+00 
1.378420e+00 8.132896e+00 
1.413200e+00 8.187326e+00 
1.448110e+00 8.238249e+00 
1.484090e+00 8.288130e+00 
1.518820e+00 8.332579e+00 
1.552880e+00 8.373324e+00 
1.588630e+00 8.412835e+00 
1.623230e+00 8.448819e+00 
1.657720e+00 8.482006e+00 
1.692450e+00 8.513590e+00 
1.726400e+00 8.540911e+00 
1.762200e+00 8.567292e+00 
1.797880e+00 8.591705e+00 
1.833270e+00 8.613253e+00 
1.869070e+00 8.633299e+00 
1.903200e+00 8.650427e+00 
1.937740e+00 8.665869e+00 
1.973190e+00 8.679667e+00 
2.007440e+00 8.691488e+00 
2.042160e+00 8.702105e+00 
2.077900e+00 8.710740e+00 
2.112390e+00 8.718228e+00 
2.146220e+00 8.723184e+00 
2.181600e+00 8.727405e+00 
2.216930e+00 8.730377e+00 
2.250760e+00 8.731619e+00 
2.286500e+00 8.731579e+00 
2.321770e+00 8.730827e+00 
2.355950e+00 8.729343e+00 
2.391280e+00 8.725888e+00 
2.426240e+00 8.721364e+00 
2.460670e+00 8.716017e+00 
2.495640e+00 8.709793e+00 
2.531080e+00 8.702593e+00 
2.566220e+00 8.694155e+00 
2.600830e+00 8.685185e+00 
2.635080e+00 8.675910e+00 
2.670340e+00 8.664711e+00 
2.705970e+00 8.653034e+00 
2.740040e+00 8.641449e+00 
2.774520e+00 8.628779e+00 
2.809730e+00 8.615148e+00 
2.844390e+00 8.601248e+00 
2.879960e+00 8.586240e+00 
2.914860e+00 8.570865e+00 
2.949410e+00 8.555254e+00 
2.984440e+00 8.538664e+00 
3.019760e+00 8.521750e+00 
3.054730e+00 8.504847e+00 
3.089030e+00 8.487022e+00 
3.124060e+00 8.468719e+00 
3.159560e+00 8.450004e+00 
3.194710e+00 8.430620e+00 
3.229010e+00 8.411459e+00 
3.263320e+00 8.392020e+00 
3.297930e+00 8.372238e+00 
3.332830e+00 8.351879e+00 
3.368040e+00 8.331003e+00 
3.403300e+00 8.309864e+00 
3.438450e+00 8.288356e+00 
3.473060e+00 8.267117e+00 
3.508440e+00 8.245275e+00 
3.543110e+00 8.223792e+00 
3.577470e+00 8.201782e+00 
3.613040e+00 8.179009e+00 
3.648120e+00 8.156469e+00 
3.682910e+00 8.134021e+00 
3.718050e+00 8.111111e+00 
3.753320e+00 8.088019e+00 
3.787980e+00 8.065147e+00 
3.822290e+00 8.042527e+00 
3.857020e+00 8.019625e+00 
3.891920e+00 7.996412e+00 
3.926650e+00 7.972891e+00 
3.961970e+00 7.949048e+00 
3.997360e+00 7.925242e+00 
4.031670e+00 7.902170e+00 
4.066330e+00 7.878656e+00 
4.101420e+00 7.854921e+00 
4.136200e+00 7.831430e+00 
4.170810e+00 7.808124e+00 
4.206250e+00 7.784059e+00 
4.241580e+00 7.760091e+00 
4.276300e+00 7.736524e+00 
4.310970e+00 7.713015e+00 
4.346120e+00 7.689233e+00 
4.380600e+00 7.665941e+00 
4.414730e+00 7.642952e+00 
4.450350e+00 7.618908e+00 
4.485320e+00 7.595377e+00 
4.519810e+00 7.572195e+00 
4.555430e+00 7.548307e+00 
4.590870e+00 7.524615e+00 
4.625480e+00 7.501548e+00 
4.659910e+00 7.478672e+00 
4.695230e+00 7.455246e+00 
4.729960e+00 7.432278e+00 
4.764450e+00 7.409542e+00 
4.799530e+00 7.386494e+00 
4.834910e+00 7.363322e+00 
4.869700e+00 7.340649e+00 
4.904370e+00 7.318131e+00 
4.939450e+00 7.295437e+00 
4.973940e+00 7.273245e+00 
5.008430e+00 7.251121e+00 
5.043810e+00 7.228529e+00 
5.078840e+00 7.206249e+00 
5.113500e+00 7.184271e+00 
5.148890e+00 7.162002e+00 
5.184210e+00 7.139851e+00 
5.219060e+00 7.118089e+00 
5.253660e+00 7.096626e+00 
5.288570e+00 7.075036e+00 
5.323420e+00 7.053614e+00 
5.358440e+00 7.032224e+00 
5.393590e+00 7.010821e+00 
5.428310e+00 6.989843e+00 
5.462800e+00 6.969119e+00 
5.497640e+00 6.948246e+00 
5.532670e+00 6.927432e+00 
5.567280e+00 6.906965e+00 
5.602000e+00 6.886493e+00 
5.637270e+00 6.865899e+00 
5.672410e+00 6.845475e+00 
5.707020e+00 6.825418e+00 
5.742040e+00 6.805325e+00 
5.777430e+00 6.785108e+00 
5.812210e+00 6.765299e+00 
5.846820e+00 6.745767e+00 
5.881610e+00 6.726221e+00 
5.916510e+00 6.706671e+00 
5.951600e+00 6.687223e+00 
5.986560e+00 6.667972e+00 
6.021830e+00 6.648606e+00 
6.056490e+00 6.629740e+00 
6.091160e+00 6.611016e+00 
6.125830e+00 6.592344e+00 
6.161090e+00 6.573471e+00 
6.195760e+00 6.555100e+00 
6.230420e+00 6.536785e+00 
6.265690e+00 6.518209e+00 
6.300950e+00 6.499906e+00 
6.335620e+00 6.481959e+00 
6.370880e+00 6.463757e+00 
6.405550e+00 6.446054e+00 
6.440220e+00 6.428459e+00 
6.475480e+00 6.410614e+00 
6.510150e+00 6.393176e+00 
6.544810e+00 6.375929e+00 
6.580080e+00 6.358426e+00 
6.614750e+00 6.341268e+00 
6.649410e+00 6.324371e+00 
6.684080e+00 6.307557e+00 
6.719340e+00 6.290502e+00 
6.754010e+00 6.273835e+00 
6.788680e+00 6.257345e+00 
6.823940e+00 6.240620e+00 
6.859800e+00 6.223656e+00 
6.894470e+00 6.207458e+00 
6.929140e+00 6.191361e+00 
6.963800e+00 6.175310e+00 
6.999070e+00 6.159032e+00 
7.033730e+00 6.143264e+00 
7.068400e+00 6.127532e+00 
7.103660e+00 6.111573e+00 
7.138330e+00 6.095998e+00 
7.173600e+00 6.080354e+00 
7.208260e+00 6.065019e+00 
7.243530e+00 6.049454e+00 
7.277600e+00 6.034573e+00 
7.312860e+00 6.019319e+00 
7.348120e+00 6.004102e+00 
7.382790e+00 5.989178e+00 
7.417460e+00 5.974424e+00 
7.452720e+00 5.959526e+00 
7.487390e+00 5.944914e+00 
7.522650e+00 5.930089e+00 
7.557320e+00 5.915696e+00 
7.591990e+00 5.901393e+00 
7.627250e+00 5.886882e+00 
7.662510e+00 5.872406e+00 
7.697180e+00 5.858362e+00 
7.731850e+00 5.844411e+00 
7.766510e+00 5.830498e+00 
7.801180e+00 5.816613e+00 
7.836440e+00 5.802664e+00 
7.871110e+00 5.789067e+00 
7.906380e+00 5.775268e+00 
7.941040e+00 5.761739e+00 
7.976310e+00 5.748085e+00 
8.011570e+00 5.734564e+00 
8.046240e+00 5.721300e+00 
8.080900e+00 5.708071e+00 
8.115570e+00 5.694913e+00 
8.150830e+00 5.681734e+00 
8.185500e+00 5.668805e+00 
8.220770e+00 5.655682e+00 
8.255430e+00 5.642816e+00 
8.290100e+00 5.630139e+00 
8.324770e+00 5.617509e+00 
8.359430e+00 5.604912e+00 
8.394700e+00 5.592121e+00 
8.429960e+00 5.579468e+00 
8.464630e+00 5.567161e+00 
8.499890e+00 5.554673e+00 
8.534560e+00 5.542421e+00 
8.569200e+00 5.530206e+00 
