# Parameters:
# omega_b = 0.022500, omega_m = 0.137500, n_s = 0.950000, h = 69.033203, w = -1.000000,sigma_8 = 0.755000
# z = 0.730000
#
# k[1/Mpc] # Delta^2 / k^1.5:
8.694000e-04 9.746000e-03 
2.077466e-03 7.588595e-02 
3.285532e-03 2.118046e-01 
4.493598e-03 4.124719e-01 
5.701664e-03 6.663820e-01 
6.909730e-03 9.601489e-01 
8.117797e-03 1.282280e+00 
9.325863e-03 1.620018e+00 
1.053393e-02 1.962097e+00 
1.174199e-02 2.299118e+00 
1.295006e-02 2.621523e+00 
1.415813e-02 2.923641e+00 
1.536619e-02 3.201637e+00 
1.657426e-02 3.452038e+00 
1.778233e-02 3.672685e+00 
1.899039e-02 3.866671e+00 
2.019846e-02 4.036306e+00 
2.140652e-02 4.185192e+00 
2.261459e-02 4.315515e+00 
2.382266e-02 4.431577e+00 
2.503072e-02 4.537724e+00 
2.623879e-02 4.637307e+00 
2.744685e-02 4.733333e+00 
2.865492e-02 4.829020e+00 
2.986299e-02 4.926401e+00 
3.100100e-02 5.022081e+00 
3.220400e-02 5.128311e+00 
3.288100e-02 5.191342e+00 
3.424300e-02 5.324742e+00 
3.555100e-02 5.460341e+00 
3.686000e-02 5.603354e+00 
3.795000e-02 5.726713e+00 
3.929100e-02 5.883220e+00 
4.039800e-02 6.013670e+00 
4.164000e-02 6.159260e+00 
4.294400e-02 6.306983e+00 
4.415000e-02 6.437973e+00 
4.542900e-02 6.564606e+00 
4.660900e-02 6.671481e+00 
4.782300e-02 6.763094e+00 
4.892900e-02 6.833924e+00 
5.031200e-02 6.901806e+00 
5.155900e-02 6.941520e+00 
5.238100e-02 6.957446e+00 
5.378200e-02 6.967039e+00 
5.513400e-02 6.955620e+00 
5.627600e-02 6.932463e+00 
5.735300e-02 6.901930e+00 
5.870100e-02 6.854687e+00 
5.988700e-02 6.808311e+00 
6.113500e-02 6.757143e+00 
6.225900e-02 6.711569e+00 
6.340100e-02 6.668252e+00 
6.480200e-02 6.620735e+00 
6.601100e-02 6.588287e+00 
6.725500e-02 6.564255e+00 
6.829100e-02 6.553947e+00 
6.958600e-02 6.550501e+00 
7.071100e-02 6.558381e+00 
7.192300e-02 6.576830e+00 
7.307400e-02 6.603524e+00 
7.412300e-02 6.634916e+00 
7.550400e-02 6.686431e+00 
7.663100e-02 6.734058e+00 
7.791200e-02 6.794922e+00 
7.912700e-02 6.855876e+00 
8.027600e-02 6.914217e+00 
8.138400e-02 6.969725e+00 
8.272200e-02 7.033860e+00 
8.406100e-02 7.092878e+00 
8.534100e-02 7.140897e+00 
8.653800e-02 7.176776e+00 
8.759800e-02 7.202201e+00 
8.900300e-02 7.225169e+00 
9.009000e-02 7.233386e+00 
9.113300e-02 7.232663e+00 
9.239600e-02 7.224360e+00 
9.358000e-02 7.207744e+00 
9.496100e-02 7.177346e+00 
9.608400e-02 7.147424e+00 
9.727500e-02 7.111831e+00 
9.852600e-02 7.068392e+00 
9.973800e-02 7.025369e+00 
1.009000e-01 6.983421e+00 
1.020900e-01 6.941825e+00 
1.034000e-01 6.898277e+00 
1.046000e-01 6.860874e+00 
1.057200e-01 6.832217e+00 
1.069100e-01 6.804522e+00 
1.082500e-01 6.781896e+00 
1.093900e-01 6.768735e+00 
1.105400e-01 6.759028e+00 
1.116900e-01 6.758370e+00 
1.129600e-01 6.760745e+00 
1.142000e-01 6.770980e+00 
1.153300e-01 6.783152e+00 
1.166400e-01 6.801744e+00 
1.177800e-01 6.820843e+00 
1.190000e-01 6.842711e+00 
1.201200e-01 6.863706e+00 
1.213400e-01 6.886804e+00 
1.227100e-01 6.910575e+00 
1.238900e-01 6.930129e+00 
1.250700e-01 6.946286e+00 
1.263200e-01 6.961543e+00 
1.275500e-01 6.972306e+00 
1.287500e-01 6.980248e+00 
1.299900e-01 6.984328e+00 
1.311300e-01 6.985500e+00 
1.323500e-01 6.982816e+00 
1.335900e-01 6.977703e+00 
1.347100e-01 6.969901e+00 
1.359800e-01 6.959494e+00 
1.372100e-01 6.946247e+00 
1.384300e-01 6.932284e+00 
1.395700e-01 6.917214e+00 
1.407700e-01 6.901272e+00 
1.420300e-01 6.883375e+00 
1.432800e-01 6.865667e+00 
1.444500e-01 6.849519e+00 
1.456300e-01 6.833271e+00 
1.468900e-01 6.817848e+00 
1.480500e-01 6.804245e+00 
1.491700e-01 6.792611e+00 
1.503800e-01 6.781969e+00 
1.516400e-01 6.771711e+00 
1.528200e-01 6.765685e+00 
1.540200e-01 6.759562e+00 
1.551900e-01 6.757084e+00 
1.564300e-01 6.755314e+00 
1.576600e-01 6.755228e+00 
1.588700e-01 6.757174e+00 
1.600900e-01 6.759262e+00 
1.612700e-01 6.763646e+00 
1.625400e-01 6.768367e+00 
1.637600e-01 6.773420e+00 
1.649500e-01 6.778657e+00 
1.662200e-01 6.784141e+00 
1.674000e-01 6.788625e+00 
1.685000e-01 6.792808e+00 
1.697500e-01 6.796530e+00 
1.710300e-01 6.799300e+00 
1.722200e-01 6.801876e+00 
1.734400e-01 6.801750e+00 
1.746400e-01 6.801510e+00 
1.758700e-01 6.800380e+00 
1.770900e-01 6.797440e+00 
1.782700e-01 6.794598e+00 
1.794600e-01 6.790455e+00 
1.807000e-01 6.785273e+00 
1.819100e-01 6.780219e+00 
1.830100e-01 6.774692e+00 
1.842200e-01 6.768454e+00 
1.855000e-01 6.761856e+00 
1.867000e-01 6.755555e+00 
1.879200e-01 6.749154e+00 
1.890900e-01 6.743149e+00 
1.902800e-01 6.737714e+00 
1.915200e-01 6.732055e+00 
1.926900e-01 6.727037e+00 
1.939000e-01 6.722891e+00 
1.951700e-01 6.718542e+00 
1.963100e-01 6.715049e+00 
1.975100e-01 6.712473e+00 
1.987800e-01 6.709747e+00 
2.000100e-01 6.707532e+00 
2.012500e-01 6.706294e+00 
2.023400e-01 6.705206e+00 
2.036100e-01 6.704163e+00 
2.048900e-01 6.703992e+00 
2.060400e-01 6.703838e+00 
2.072200e-01 6.703727e+00 
2.084200e-01 6.704190e+00 
2.096900e-01 6.704680e+00 
2.109200e-01 6.705154e+00 
2.121100e-01 6.705717e+00 
2.132700e-01 6.706271e+00 
2.145200e-01 6.706868e+00 
2.157200e-01 6.707407e+00 
2.168800e-01 6.707912e+00 
2.180700e-01 6.708430e+00 
2.193400e-01 6.708873e+00 
2.206000e-01 6.709107e+00 
2.217500e-01 6.709321e+00 
2.229500e-01 6.709544e+00 
2.241400e-01 6.709545e+00 
2.253500e-01 6.709541e+00 
2.264900e-01 6.709536e+00 
2.277100e-01 6.709465e+00 
2.289900e-01 6.709317e+00 
2.301500e-01 6.709182e+00 
2.313600e-01 6.709042e+00 
2.325600e-01 6.708939e+00 
2.337700e-01 6.708835e+00 
2.350000e-01 6.708729e+00 
2.362000e-01 6.708700e+00 
2.374100e-01 6.708761e+00 
2.386500e-01 6.708823e+00 
2.399100e-01 6.708885e+00 
2.410400e-01 6.709227e+00 
2.422500e-01 6.709630e+00 
2.435000e-01 6.710046e+00 
2.447300e-01 6.710525e+00 
2.458700e-01 6.711254e+00 
2.470600e-01 6.712015e+00 
2.483300e-01 6.712827e+00 
2.495600e-01 6.713771e+00 
2.507600e-01 6.714907e+00 
2.519600e-01 6.716044e+00 
2.532200e-01 6.717238e+00 
2.543700e-01 6.718516e+00 
2.555500e-01 6.719956e+00 
2.568000e-01 6.721482e+00 
2.580100e-01 6.722960e+00 
2.592400e-01 6.724631e+00 
2.604100e-01 6.726295e+00 
2.616100e-01 6.728002e+00 
2.628400e-01 6.729752e+00 
2.640600e-01 6.731594e+00 
2.652200e-01 6.733387e+00 
2.664300e-01 6.735258e+00 
2.676500e-01 6.737145e+00 
2.688400e-01 6.739032e+00 
2.700700e-01 6.741012e+00 
2.712400e-01 6.742896e+00 
2.724800e-01 6.744894e+00 
2.736700e-01 6.746794e+00 
2.748800e-01 6.748709e+00 
2.761000e-01 6.750641e+00 
2.773200e-01 6.752573e+00 
2.785400e-01 6.754489e+00 
2.797000e-01 6.756275e+00 
2.808900e-01 6.758109e+00 
2.821400e-01 6.760035e+00 
2.833900e-01 6.761957e+00 
2.845500e-01 6.763651e+00 
2.857800e-01 6.765448e+00 
2.870300e-01 6.767274e+00 
2.882100e-01 6.768998e+00 
2.893900e-01 6.770697e+00 
2.906300e-01 6.772467e+00 
2.918900e-01 6.774266e+00 
2.930500e-01 6.775923e+00 
2.942500e-01 6.777617e+00 
2.954200e-01 6.779200e+00 
2.966500e-01 6.780866e+00 
2.978900e-01 6.782545e+00 
2.990400e-01 6.784103e+00 
3.002700e-01 6.785757e+00 
3.015100e-01 6.787419e+00 
3.026800e-01 6.788988e+00 
3.038500e-01 6.790557e+00 
3.050300e-01 6.792140e+00 
3.062600e-01 6.793785e+00 
3.075000e-01 6.795443e+00 
3.087000e-01 6.797048e+00 
3.099100e-01 6.798667e+00 
3.111200e-01 6.800309e+00 
3.123100e-01 6.801961e+00 
3.135300e-01 6.803655e+00 
3.147300e-01 6.805322e+00 
3.159900e-01 6.807072e+00 
3.171800e-01 6.808764e+00 
3.183700e-01 6.810482e+00 
3.196300e-01 6.812300e+00 
3.208400e-01 6.814047e+00 
3.220300e-01 6.815766e+00 
3.232000e-01 6.817556e+00 
3.244300e-01 6.819479e+00 
3.256700e-01 6.821417e+00 
3.269200e-01 6.823372e+00 
3.280800e-01 6.825186e+00 
3.292500e-01 6.827131e+00 
3.304800e-01 6.829211e+00 
3.317100e-01 6.831293e+00 
3.328900e-01 6.833290e+00 
3.340700e-01 6.835287e+00 
3.353600e-01 6.837619e+00 
3.365300e-01 6.839789e+00 
3.377100e-01 6.841978e+00 
3.389200e-01 6.844224e+00 
3.401600e-01 6.846527e+00 
3.413700e-01 6.848892e+00 
3.425300e-01 6.851242e+00 
3.437700e-01 6.853755e+00 
3.449800e-01 6.856208e+00 
3.461800e-01 6.858642e+00 
3.473600e-01 6.861106e+00 
3.485800e-01 6.863826e+00 
3.498100e-01 6.866569e+00 
3.510200e-01 6.869269e+00 
3.522000e-01 6.871903e+00 
3.533900e-01 6.874560e+00 
3.546400e-01 6.877553e+00 
3.558400e-01 6.880439e+00 
3.570600e-01 6.883374e+00 
3.582700e-01 6.886286e+00 
3.595000e-01 6.889248e+00 
3.607100e-01 6.892277e+00 
3.618900e-01 6.895323e+00 
3.631200e-01 6.898500e+00 
3.643200e-01 6.901600e+00 
3.655500e-01 6.904779e+00 
3.667300e-01 6.907830e+00 
3.679500e-01 6.911179e+00 
3.691900e-01 6.914585e+00 
3.703600e-01 6.917799e+00 
3.715700e-01 6.921125e+00 
3.727700e-01 6.924426e+00 
3.739900e-01 6.927861e+00 
3.752000e-01 6.931413e+00 
3.763900e-01 6.934909e+00 
3.775800e-01 6.938405e+00 
3.788200e-01 6.942051e+00 
3.800300e-01 6.945611e+00 
3.812100e-01 6.949155e+00 
3.824200e-01 6.952841e+00 
3.836100e-01 6.956467e+00 
3.848600e-01 6.960278e+00 
3.860400e-01 6.963878e+00 
3.872400e-01 6.967540e+00 
3.884600e-01 6.971392e+00 
3.896500e-01 6.975199e+00 
3.908700e-01 6.979103e+00 
3.920600e-01 6.982914e+00 
3.933100e-01 6.986919e+00 
3.945300e-01 6.990831e+00 
3.957200e-01 6.994740e+00 
3.969300e-01 6.998743e+00 
3.981700e-01 7.002847e+00 
3.993500e-01 7.006756e+00 
4.094840e-01 7.040557e+00 
4.272360e-01 7.102494e+00 
4.454600e-01 7.166798e+00 
4.630560e-01 7.229021e+00 
4.804610e-01 7.290280e+00 
4.980690e-01 7.351718e+00 
5.159230e-01 7.413632e+00 
5.317440e-01 7.468223e+00 
5.489640e-01 7.527801e+00 
5.671990e-01 7.591569e+00 
5.838690e-01 7.650241e+00 
6.018840e-01 7.714617e+00 
6.202330e-01 7.781489e+00 
6.379250e-01 7.846589e+00 
6.545410e-01 7.909321e+00 
6.714560e-01 7.973697e+00 
6.892080e-01 8.042620e+00 
7.066010e-01 8.110945e+00 
7.240540e-01 8.179944e+00 
7.420450e-01 8.252116e+00 
7.593780e-01 8.322028e+00 
7.764720e-01 8.391066e+00 
7.942840e-01 8.463254e+00 
8.116170e-01 8.533461e+00 
8.288310e-01 8.603099e+00 
8.462240e-01 8.673044e+00 
8.631980e-01 8.740803e+00 
8.810700e-01 8.811586e+00 
8.989410e-01 8.881699e+00 
9.166330e-01 8.950191e+00 
9.345640e-01 9.018645e+00 
9.515980e-01 9.082633e+00 
9.688720e-01 9.146477e+00 
9.865640e-01 9.210622e+00 
1.031870e+00 9.369581e+00 
1.063490e+00 9.474392e+00 
1.097920e+00 9.585349e+00 
1.134370e+00 9.695201e+00 
1.167730e+00 9.791188e+00 
1.203830e+00 9.888808e+00 
1.240470e+00 9.982918e+00 
1.275790e+00 1.006659e+01 
1.309140e+00 1.014193e+01 
1.342970e+00 1.021172e+01 
1.378420e+00 1.028152e+01 
1.413200e+00 1.034489e+01 
1.448110e+00 1.040298e+01 
1.484090e+00 1.045967e+01 
1.518820e+00 1.050876e+01 
1.552880e+00 1.055388e+01 
1.588630e+00 1.059630e+01 
1.623230e+00 1.063476e+01 
1.657720e+00 1.066942e+01 
1.692450e+00 1.070272e+01 
1.726400e+00 1.072969e+01 
1.762200e+00 1.075500e+01 
1.797880e+00 1.077834e+01 
1.833270e+00 1.079745e+01 
1.869070e+00 1.081522e+01 
1.903200e+00 1.082953e+01 
1.937740e+00 1.084151e+01 
1.973190e+00 1.085119e+01 
2.007440e+00 1.085880e+01 
2.042160e+00 1.086532e+01 
2.077900e+00 1.086844e+01 
2.112390e+00 1.087110e+01 
2.146220e+00 1.086984e+01 
2.181600e+00 1.086819e+01 
2.216930e+00 1.086505e+01 
2.250760e+00 1.085951e+01 
2.286500e+00 1.085191e+01 
2.321770e+00 1.084427e+01 
2.355950e+00 1.083670e+01 
2.391280e+00 1.082569e+01 
2.426240e+00 1.081340e+01 
2.460670e+00 1.080017e+01 
2.495640e+00 1.078577e+01 
2.531080e+00 1.077109e+01 
2.566220e+00 1.075426e+01 
2.600830e+00 1.073703e+01 
2.635080e+00 1.071998e+01 
2.670340e+00 1.069964e+01 
2.705970e+00 1.067921e+01 
2.740040e+00 1.065951e+01 
2.774520e+00 1.063849e+01 
2.809730e+00 1.061621e+01 
2.844390e+00 1.059373e+01 
2.879960e+00 1.056978e+01 
2.914860e+00 1.054554e+01 
2.949410e+00 1.052113e+01 
2.984440e+00 1.049552e+01 
3.019760e+00 1.046991e+01 
3.054730e+00 1.044461e+01 
3.089030e+00 1.041780e+01 
3.124060e+00 1.039060e+01 
3.159560e+00 1.036328e+01 
3.194710e+00 1.033473e+01 
3.229010e+00 1.030648e+01 
3.263320e+00 1.027857e+01 
3.297930e+00 1.025023e+01 
3.332830e+00 1.022119e+01 
3.368040e+00 1.019156e+01 
3.403300e+00 1.016165e+01 
3.438450e+00 1.013133e+01 
3.473060e+00 1.010143e+01 
3.508440e+00 1.007132e+01 
3.543110e+00 1.004167e+01 
3.577470e+00 1.001102e+01 
3.613040e+00 9.979472e+00 
3.648120e+00 9.948698e+00 
3.682910e+00 9.918088e+00 
3.718050e+00 9.886907e+00 
3.753320e+00 9.855492e+00 
3.787980e+00 9.824395e+00 
3.822290e+00 9.793872e+00 
3.857020e+00 9.763329e+00 
3.891920e+00 9.732238e+00 
3.926650e+00 9.700486e+00 
3.961970e+00 9.668437e+00 
3.997360e+00 9.636765e+00 
4.031670e+00 9.606085e+00 
4.066330e+00 9.574862e+00 
4.101420e+00 9.543365e+00 
4.136200e+00 9.512554e+00 
4.170810e+00 9.481993e+00 
4.206250e+00 9.450436e+00 
4.241580e+00 9.419014e+00 
4.276300e+00 9.388211e+00 
4.310970e+00 9.357538e+00 
4.346120e+00 9.326549e+00 
4.380600e+00 9.296260e+00 
4.414730e+00 9.266373e+00 
4.450350e+00 9.235209e+00 
4.485320e+00 9.204716e+00 
4.519810e+00 9.174765e+00 
4.555430e+00 9.143947e+00 
4.590870e+00 9.113408e+00 
4.625480e+00 9.083727e+00 
4.659910e+00 9.054296e+00 
4.695230e+00 9.024260e+00 
4.729960e+00 8.994833e+00 
4.764450e+00 8.965744e+00 
4.799530e+00 8.936324e+00 
4.834910e+00 8.906751e+00 
4.869700e+00 8.877869e+00 
4.904370e+00 8.849197e+00 
4.939450e+00 8.820320e+00 
4.973940e+00 8.792127e+00 
5.008430e+00 8.764023e+00 
5.043810e+00 8.735406e+00 
5.078840e+00 8.707234e+00 
5.113500e+00 8.679448e+00 
5.148890e+00 8.651311e+00 
5.184210e+00 8.623327e+00 
5.219060e+00 8.595858e+00 
5.253660e+00 8.568827e+00 
5.288570e+00 8.541640e+00 
5.323420e+00 8.514688e+00 
5.358440e+00 8.487803e+00 
5.393590e+00 8.460903e+00 
5.428310e+00 8.434567e+00 
5.462800e+00 8.408565e+00 
5.497640e+00 8.382381e+00 
5.532670e+00 8.356324e+00 
5.567280e+00 8.330719e+00 
5.602000e+00 8.305111e+00 
5.637270e+00 8.279359e+00 
5.672410e+00 8.253824e+00 
5.707020e+00 8.228751e+00 
5.742040e+00 8.203685e+00 
5.777430e+00 8.178479e+00 
5.812210e+00 8.153783e+00 
5.846820e+00 8.129439e+00 
5.881610e+00 8.105082e+00 
5.916510e+00 8.080721e+00 
5.951600e+00 8.056528e+00 
5.986560e+00 8.032599e+00 
6.021830e+00 8.008530e+00 
6.056490e+00 7.985086e+00 
6.091160e+00 7.961821e+00 
6.125830e+00 7.938625e+00 
6.161090e+00 7.915180e+00 
6.195760e+00 7.892360e+00 
6.230420e+00 7.869614e+00 
6.265690e+00 7.846546e+00 
6.300950e+00 7.823869e+00 
6.335620e+00 7.801635e+00 
6.370880e+00 7.779088e+00 
6.405550e+00 7.757143e+00 
6.440220e+00 7.735328e+00 
6.475480e+00 7.713204e+00 
6.510150e+00 7.691601e+00 
6.544810e+00 7.670270e+00 
6.580080e+00 7.648623e+00 
6.614750e+00 7.627405e+00 
6.649410e+00 7.606474e+00 
6.684080e+00 7.585639e+00 
6.719340e+00 7.564508e+00 
6.754010e+00 7.543865e+00 
6.788680e+00 7.523460e+00 
6.823940e+00 7.502764e+00 
6.859800e+00 7.481775e+00 
6.894470e+00 7.461720e+00 
6.929140e+00 7.441787e+00 
6.963800e+00 7.421912e+00 
6.999070e+00 7.401760e+00 
7.033730e+00 7.382279e+00 
7.068400e+00 7.362844e+00 
7.103660e+00 7.343131e+00 
7.138330e+00 7.323880e+00 
7.173600e+00 7.304517e+00 
7.208260e+00 7.285539e+00 
7.243530e+00 7.266278e+00 
7.277600e+00 7.247854e+00 
7.312860e+00 7.228958e+00 
7.348120e+00 7.210111e+00 
7.382790e+00 7.191628e+00 
7.417460e+00 7.173358e+00 
7.452720e+00 7.154911e+00 
7.487390e+00 7.136820e+00 
7.522650e+00 7.118467e+00 
7.557320e+00 7.100649e+00 
7.591990e+00 7.082944e+00 
7.627250e+00 7.064984e+00 
7.662510e+00 7.047068e+00 
7.697180e+00 7.029675e+00 
7.731850e+00 7.012394e+00 
7.766510e+00 6.995160e+00 
7.801180e+00 6.977964e+00 
7.836440e+00 6.960657e+00 
7.871110e+00 6.943767e+00 
7.906380e+00 6.926628e+00 
7.941040e+00 6.909826e+00 
7.976310e+00 6.892871e+00 
8.011570e+00 6.876083e+00 
8.046240e+00 6.859616e+00 
8.080900e+00 6.843193e+00 
8.115570e+00 6.826860e+00 
8.150830e+00 6.810501e+00 
8.185500e+00 6.794455e+00 
8.220770e+00 6.778169e+00 
8.255430e+00 6.762204e+00 
8.290100e+00 6.746446e+00 
8.324770e+00 6.730745e+00 
8.359430e+00 6.715086e+00 
8.394700e+00 6.699188e+00 
8.429960e+00 6.683446e+00 
8.464630e+00 6.668122e+00 
8.499890e+00 6.652572e+00 
8.534560e+00 6.637318e+00 
8.569200e+00 6.622112e+00 
