# Parameters:
# omega_b = 0.022500, omega_m = 0.137500, n_s = 0.950000, h = 69.033203, w = -1.000000,sigma_8 = 0.755000
# z = 0.770000
#
# k[1/Mpc] # Delta^2 / k^1.5:
8.694000e-04 9.398874e-03 
2.077466e-03 7.318312e-02 
3.285532e-03 2.042585e-01 
4.493598e-03 3.977786e-01 
5.701664e-03 6.426507e-01 
6.909730e-03 9.259625e-01 
8.117797e-03 1.236636e+00 
9.325863e-03 1.562366e+00 
1.053393e-02 1.892289e+00 
1.174199e-02 2.217340e+00 
1.295006e-02 2.528302e+00 
1.415813e-02 2.819707e+00 
1.536619e-02 3.087852e+00 
1.657426e-02 3.329382e+00 
1.778233e-02 3.542168e+00 
1.899039e-02 3.729209e+00 
2.019846e-02 3.892781e+00 
2.140652e-02 4.036375e+00 
2.261459e-02 4.162080e+00 
2.382266e-02 4.274032e+00 
2.503072e-02 4.376417e+00 
2.623879e-02 4.472457e+00 
2.744685e-02 4.565075e+00 
2.865492e-02 4.657356e+00 
2.986299e-02 4.751281e+00 
3.100100e-02 4.843543e+00 
3.220400e-02 4.946006e+00 
3.288100e-02 5.006794e+00 
3.424300e-02 5.135464e+00 
3.555100e-02 5.266260e+00 
3.686000e-02 5.404229e+00 
3.795000e-02 5.523251e+00 
3.929100e-02 5.674253e+00 
4.039800e-02 5.800137e+00 
4.164000e-02 5.940635e+00 
4.294400e-02 6.083197e+00 
4.415000e-02 6.209613e+00 
4.542900e-02 6.331831e+00 
4.660900e-02 6.434983e+00 
4.782300e-02 6.523365e+00 
4.892900e-02 6.591698e+00 
5.031200e-02 6.657115e+00 
5.155900e-02 6.695320e+00 
5.238100e-02 6.710588e+00 
5.378200e-02 6.719623e+00 
5.513400e-02 6.708329e+00 
5.627600e-02 6.685710e+00 
5.735300e-02 6.655965e+00 
5.870100e-02 6.609993e+00 
5.988700e-02 6.564886e+00 
6.113500e-02 6.515113e+00 
6.225900e-02 6.470774e+00 
6.340100e-02 6.428622e+00 
6.480200e-02 6.382367e+00 
6.601100e-02 6.350724e+00 
6.725500e-02 6.327233e+00 
6.829100e-02 6.317079e+00 
6.958600e-02 6.313512e+00 
7.071100e-02 6.320954e+00 
7.192300e-02 6.338644e+00 
7.307400e-02 6.364332e+00 
7.412300e-02 6.394585e+00 
7.550400e-02 6.444295e+00 
7.663100e-02 6.490282e+00 
7.791200e-02 6.549068e+00 
7.912700e-02 6.607974e+00 
8.027600e-02 6.664352e+00 
8.138400e-02 6.717991e+00 
8.272200e-02 6.779959e+00 
8.406100e-02 6.836959e+00 
8.534100e-02 6.883298e+00 
8.653800e-02 6.917875e+00 
8.759800e-02 6.942334e+00 
8.900300e-02 6.964335e+00 
9.009000e-02 6.972072e+00 
9.113300e-02 6.971129e+00 
9.239600e-02 6.962764e+00 
9.358000e-02 6.946323e+00 
9.496100e-02 6.916436e+00 
9.608400e-02 6.887072e+00 
9.727500e-02 6.852176e+00 
9.852600e-02 6.809598e+00 
9.973800e-02 6.767427e+00 
1.009000e-01 6.726309e+00 
1.020900e-01 6.685498e+00 
1.034000e-01 6.642754e+00 
1.046000e-01 6.606022e+00 
1.057200e-01 6.577803e+00 
1.069100e-01 6.550496e+00 
1.082500e-01 6.528071e+00 
1.093900e-01 6.514932e+00 
1.105400e-01 6.505158e+00 
1.116900e-01 6.504202e+00 
1.129600e-01 6.506172e+00 
1.142000e-01 6.515819e+00 
1.153300e-01 6.527392e+00 
1.166400e-01 6.545195e+00 
1.177800e-01 6.563547e+00 
1.190000e-01 6.584587e+00 
1.201200e-01 6.604813e+00 
1.213400e-01 6.627071e+00 
1.227100e-01 6.650013e+00 
1.238900e-01 6.668881e+00 
1.250700e-01 6.684449e+00 
1.263200e-01 6.699129e+00 
1.275500e-01 6.709429e+00 
1.287500e-01 6.716976e+00 
1.299900e-01 6.720742e+00 
1.311300e-01 6.721669e+00 
1.323500e-01 6.718795e+00 
1.335900e-01 6.713527e+00 
1.347100e-01 6.705638e+00 
1.359800e-01 6.695145e+00 
1.372100e-01 6.681837e+00 
1.384300e-01 6.667817e+00 
1.395700e-01 6.652700e+00 
1.407700e-01 6.636707e+00 
1.420300e-01 6.618734e+00 
1.432800e-01 6.600953e+00 
1.444500e-01 6.584707e+00 
1.456300e-01 6.568364e+00 
1.468900e-01 6.552804e+00 
1.480500e-01 6.539066e+00 
1.491700e-01 6.527284e+00 
1.503800e-01 6.516454e+00 
1.516400e-01 6.505992e+00 
1.528200e-01 6.499731e+00 
1.540200e-01 6.493370e+00 
1.551900e-01 6.490639e+00 
1.564300e-01 6.488596e+00 
1.576600e-01 6.488227e+00 
1.588700e-01 6.489880e+00 
1.600900e-01 6.491672e+00 
1.612700e-01 6.495753e+00 
1.625400e-01 6.500147e+00 
1.637600e-01 6.504880e+00 
1.649500e-01 6.509800e+00 
1.662200e-01 6.514943e+00 
1.674000e-01 6.519103e+00 
1.685000e-01 6.522983e+00 
1.697500e-01 6.526365e+00 
1.710300e-01 6.528791e+00 
1.722200e-01 6.531047e+00 
1.734400e-01 6.530595e+00 
1.746400e-01 6.530034e+00 
1.758700e-01 6.528578e+00 
1.770900e-01 6.525321e+00 
1.782700e-01 6.522173e+00 
1.794600e-01 6.517728e+00 
1.807000e-01 6.512235e+00 
1.819100e-01 6.506880e+00 
1.830100e-01 6.501082e+00 
1.842200e-01 6.494550e+00 
1.855000e-01 6.487641e+00 
1.867000e-01 6.481045e+00 
1.879200e-01 6.474346e+00 
1.890900e-01 6.468055e+00 
1.902800e-01 6.462327e+00 
1.915200e-01 6.456364e+00 
1.926900e-01 6.451060e+00 
1.939000e-01 6.446624e+00 
1.951700e-01 6.441971e+00 
1.963100e-01 6.438201e+00 
1.975100e-01 6.435322e+00 
1.987800e-01 6.432277e+00 
2.000100e-01 6.429755e+00 
2.012500e-01 6.428210e+00 
2.023400e-01 6.426852e+00 
2.036100e-01 6.425491e+00 
2.048900e-01 6.424986e+00 
2.060400e-01 6.424532e+00 
2.072200e-01 6.424112e+00 
2.084200e-01 6.424254e+00 
2.096900e-01 6.424405e+00 
2.109200e-01 6.424551e+00 
2.121100e-01 6.424788e+00 
2.132700e-01 6.425024e+00 
2.145200e-01 6.425279e+00 
2.157200e-01 6.425476e+00 
2.168800e-01 6.425644e+00 
2.180700e-01 6.425817e+00 
2.193400e-01 6.425888e+00 
2.206000e-01 6.425746e+00 
2.217500e-01 6.425617e+00 
2.229500e-01 6.425482e+00 
2.241400e-01 6.425109e+00 
2.253500e-01 6.424724e+00 
2.264900e-01 6.424361e+00 
2.277100e-01 6.423898e+00 
2.289900e-01 6.423327e+00 
2.301500e-01 6.422810e+00 
2.313600e-01 6.422271e+00 
2.325600e-01 6.421752e+00 
2.337700e-01 6.421229e+00 
2.350000e-01 6.420697e+00 
2.362000e-01 6.420251e+00 
2.374100e-01 6.419889e+00 
2.386500e-01 6.419518e+00 
2.399100e-01 6.419140e+00 
2.410400e-01 6.419067e+00 
2.422500e-01 6.419021e+00 
2.435000e-01 6.418974e+00 
2.447300e-01 6.418998e+00 
2.458700e-01 6.419305e+00 
2.470600e-01 6.419625e+00 
2.483300e-01 6.419967e+00 
2.495600e-01 6.420449e+00 
2.507600e-01 6.421129e+00 
2.519600e-01 6.421809e+00 
2.532200e-01 6.422523e+00 
2.543700e-01 6.423364e+00 
2.555500e-01 6.424356e+00 
2.568000e-01 6.425407e+00 
2.580100e-01 6.426425e+00 
2.592400e-01 6.427630e+00 
2.604100e-01 6.428851e+00 
2.616100e-01 6.430103e+00 
2.628400e-01 6.431387e+00 
2.640600e-01 6.432764e+00 
2.652200e-01 6.434114e+00 
2.664300e-01 6.435523e+00 
2.676500e-01 6.436943e+00 
2.688400e-01 6.438377e+00 
2.700700e-01 6.439888e+00 
2.712400e-01 6.441327e+00 
2.724800e-01 6.442852e+00 
2.736700e-01 6.444303e+00 
2.748800e-01 6.445765e+00 
2.761000e-01 6.447241e+00 
2.773200e-01 6.448716e+00 
2.785400e-01 6.450177e+00 
2.797000e-01 6.451535e+00 
2.808900e-01 6.452928e+00 
2.821400e-01 6.454392e+00 
2.833900e-01 6.455852e+00 
2.845500e-01 6.457121e+00 
2.857800e-01 6.458467e+00 
2.870300e-01 6.459835e+00 
2.882100e-01 6.461126e+00 
2.893900e-01 6.462390e+00 
2.906300e-01 6.463703e+00 
2.918900e-01 6.465038e+00 
2.930500e-01 6.466267e+00 
2.942500e-01 6.467520e+00 
2.954200e-01 6.468678e+00 
2.966500e-01 6.469897e+00 
2.978900e-01 6.471125e+00 
2.990400e-01 6.472264e+00 
3.002700e-01 6.473468e+00 
3.015100e-01 6.474674e+00 
3.026800e-01 6.475812e+00 
3.038500e-01 6.476951e+00 
3.050300e-01 6.478099e+00 
3.062600e-01 6.479289e+00 
3.075000e-01 6.480490e+00 
3.087000e-01 6.481651e+00 
3.099100e-01 6.482823e+00 
3.111200e-01 6.484015e+00 
3.123100e-01 6.485224e+00 
3.135300e-01 6.486463e+00 
3.147300e-01 6.487682e+00 
3.159900e-01 6.488962e+00 
3.171800e-01 6.490210e+00 
3.183700e-01 6.491483e+00 
3.196300e-01 6.492831e+00 
3.208400e-01 6.494125e+00 
3.220300e-01 6.495399e+00 
3.232000e-01 6.496744e+00 
3.244300e-01 6.498195e+00 
3.256700e-01 6.499658e+00 
3.269200e-01 6.501133e+00 
3.280800e-01 6.502502e+00 
3.292500e-01 6.503994e+00 
3.304800e-01 6.505597e+00 
3.317100e-01 6.507201e+00 
3.328900e-01 6.508739e+00 
3.340700e-01 6.510278e+00 
3.353600e-01 6.512101e+00 
3.365300e-01 6.513807e+00 
3.377100e-01 6.515528e+00 
3.389200e-01 6.517294e+00 
3.401600e-01 6.519103e+00 
3.413700e-01 6.520988e+00 
3.425300e-01 6.522877e+00 
3.437700e-01 6.524898e+00 
3.449800e-01 6.526870e+00 
3.461800e-01 6.528826e+00 
3.473600e-01 6.530817e+00 
3.485800e-01 6.533038e+00 
3.498100e-01 6.535279e+00 
3.510200e-01 6.537484e+00 
3.522000e-01 6.539635e+00 
3.533900e-01 6.541804e+00 
3.546400e-01 6.544282e+00 
3.558400e-01 6.546673e+00 
3.570600e-01 6.549105e+00 
3.582700e-01 6.551518e+00 
3.595000e-01 6.553972e+00 
3.607100e-01 6.556499e+00 
3.618900e-01 6.559052e+00 
3.631200e-01 6.561715e+00 
3.643200e-01 6.564314e+00 
3.655500e-01 6.566979e+00 
3.667300e-01 6.569537e+00 
3.679500e-01 6.572376e+00 
3.691900e-01 6.575264e+00 
3.703600e-01 6.577989e+00 
3.715700e-01 6.580809e+00 
3.727700e-01 6.583606e+00 
3.739900e-01 6.586529e+00 
3.752000e-01 6.589568e+00 
3.763900e-01 6.592559e+00 
3.775800e-01 6.595550e+00 
3.788200e-01 6.598669e+00 
3.800300e-01 6.601714e+00 
3.812100e-01 6.604759e+00 
3.824200e-01 6.607933e+00 
3.836100e-01 6.611056e+00 
3.848600e-01 6.614339e+00 
3.860400e-01 6.617438e+00 
3.872400e-01 6.620592e+00 
3.884600e-01 6.623925e+00 
3.896500e-01 6.627223e+00 
3.908700e-01 6.630607e+00 
3.920600e-01 6.633909e+00 
3.933100e-01 6.637379e+00 
3.945300e-01 6.640768e+00 
3.957200e-01 6.644172e+00 
3.969300e-01 6.647662e+00 
3.981700e-01 6.651241e+00 
3.993500e-01 6.654649e+00 
4.094840e-01 6.684143e+00 
4.272360e-01 6.738564e+00 
4.454600e-01 6.795270e+00 
4.630560e-01 6.850254e+00 
4.804610e-01 6.904447e+00 
4.980690e-01 6.958831e+00 
5.159230e-01 7.013654e+00 
5.317440e-01 7.062014e+00 
5.489640e-01 7.114847e+00 
5.671990e-01 7.171486e+00 
5.838690e-01 7.223681e+00 
6.018840e-01 7.281060e+00 
6.202330e-01 7.340811e+00 
6.379250e-01 7.399089e+00 
6.545410e-01 7.455442e+00 
6.714560e-01 7.513378e+00 
6.892080e-01 7.575531e+00 
7.066010e-01 7.637327e+00 
7.240540e-01 7.699866e+00 
7.420450e-01 7.765437e+00 
7.593780e-01 7.829091e+00 
7.764720e-01 7.892062e+00 
7.942840e-01 7.958026e+00 
8.116170e-01 8.022324e+00 
8.288310e-01 8.086225e+00 
8.462240e-01 8.150503e+00 
8.631980e-01 8.212876e+00 
8.810700e-01 8.278130e+00 
8.989410e-01 8.342876e+00 
9.166330e-01 8.406217e+00 
9.345640e-01 8.469630e+00 
9.515980e-01 8.528999e+00 
9.688720e-01 8.588316e+00 
9.865640e-01 8.647997e+00 
1.031870e+00 8.796211e+00 
1.063490e+00 8.894334e+00 
1.097920e+00 8.998248e+00 
1.134370e+00 9.101598e+00 
1.167730e+00 9.192091e+00 
1.203830e+00 9.284338e+00 
1.240470e+00 9.373441e+00 
1.275790e+00 9.452998e+00 
1.309140e+00 9.524776e+00 
1.342970e+00 9.591563e+00 
1.378420e+00 9.658452e+00 
1.413200e+00 9.719345e+00 
1.448110e+00 9.775486e+00 
1.484090e+00 9.830334e+00 
1.518820e+00 9.878225e+00 
1.552880e+00 9.922211e+00 
1.588630e+00 9.963942e+00 
1.623230e+00 1.000182e+01 
1.657720e+00 1.003621e+01 
1.692450e+00 1.006914e+01 
1.726400e+00 1.009637e+01 
1.762200e+00 1.012214e+01 
1.797880e+00 1.014594e+01 
1.833270e+00 1.016592e+01 
1.869070e+00 1.018450e+01 
1.903200e+00 1.019977e+01 
1.937740e+00 1.021290e+01 
1.973190e+00 1.022392e+01 
2.007440e+00 1.023289e+01 
2.042160e+00 1.024073e+01 
2.077900e+00 1.024560e+01 
2.112390e+00 1.024979e+01 
2.146220e+00 1.025047e+01 
2.181600e+00 1.025065e+01 
2.216930e+00 1.024941e+01 
2.250760e+00 1.024596e+01 
2.286500e+00 1.024069e+01 
2.321770e+00 1.023517e+01 
2.355950e+00 1.022947e+01 
2.391280e+00 1.022077e+01 
2.426240e+00 1.021084e+01 
2.460670e+00 1.020001e+01 
2.495640e+00 1.018810e+01 
2.531080e+00 1.017568e+01 
2.566220e+00 1.016139e+01 
2.600830e+00 1.014665e+01 
2.635080e+00 1.013195e+01 
2.670340e+00 1.011436e+01 
2.705970e+00 1.009657e+01 
2.740040e+00 1.007930e+01 
2.774520e+00 1.006078e+01 
2.809730e+00 1.004110e+01 
2.844390e+00 1.002118e+01 
2.879960e+00 9.999902e+00 
2.914860e+00 9.978314e+00 
2.949410e+00 9.956523e+00 
2.984440e+00 9.933604e+00 
3.019760e+00 9.910585e+00 
3.054730e+00 9.887778e+00 
3.089030e+00 9.863638e+00 
3.124060e+00 9.839082e+00 
3.159560e+00 9.814314e+00 
3.194710e+00 9.788477e+00 
3.229010e+00 9.762925e+00 
3.263320e+00 9.737518e+00 
3.297930e+00 9.711710e+00 
3.332830e+00 9.685239e+00 
3.368040e+00 9.658189e+00 
3.403300e+00 9.630867e+00 
3.438450e+00 9.603149e+00 
3.473060e+00 9.575804e+00 
3.508440e+00 9.548123e+00 
3.543110e+00 9.520876e+00 
3.577470e+00 9.492769e+00 
3.613040e+00 9.463804e+00 
3.648120e+00 9.435448e+00 
3.682910e+00 9.407233e+00 
3.718050e+00 9.378479e+00 
3.753320e+00 9.349506e+00 
3.787980e+00 9.320822e+00 
3.822290e+00 9.292615e+00 
3.857020e+00 9.264306e+00 
3.891920e+00 9.235520e+00 
3.926650e+00 9.206180e+00 
3.961970e+00 9.176533e+00 
3.997360e+00 9.147160e+00 
4.031670e+00 9.118703e+00 
4.066330e+00 9.089732e+00 
4.101420e+00 9.060502e+00 
4.136200e+00 9.031825e+00 
4.170810e+00 9.003379e+00 
4.206250e+00 8.974005e+00 
4.241580e+00 8.944755e+00 
4.276300e+00 8.916060e+00 
4.310970e+00 8.887473e+00 
4.346120e+00 8.858582e+00 
4.380600e+00 8.830328e+00 
4.414730e+00 8.802448e+00 
4.450350e+00 8.773354e+00 
4.485320e+00 8.744885e+00 
4.519810e+00 8.716901e+00 
4.555430e+00 8.688096e+00 
4.590870e+00 8.659545e+00 
4.625480e+00 8.631784e+00 
4.659910e+00 8.604255e+00 
4.695230e+00 8.576137e+00 
4.729960e+00 8.548583e+00 
4.764450e+00 8.521336e+00 
4.799530e+00 8.493763e+00 
4.834910e+00 8.466044e+00 
4.869700e+00 8.438960e+00 
4.904370e+00 8.412070e+00 
4.939450e+00 8.384984e+00 
4.973940e+00 8.358527e+00 
5.008430e+00 8.332154e+00 
5.043810e+00 8.305279e+00 
5.078840e+00 8.278811e+00 
5.113500e+00 8.252704e+00 
5.148890e+00 8.226263e+00 
5.184210e+00 8.199965e+00 
5.219060e+00 8.174145e+00 
5.253660e+00 8.148723e+00 
5.288570e+00 8.123152e+00 
5.323420e+00 8.097796e+00 
5.358440e+00 8.072498e+00 
5.393590e+00 8.047185e+00 
5.428310e+00 8.022394e+00 
5.462800e+00 7.997916e+00 
5.497640e+00 7.973264e+00 
5.532670e+00 7.948719e+00 
5.567280e+00 7.924595e+00 
5.602000e+00 7.900468e+00 
5.637270e+00 7.876203e+00 
5.672410e+00 7.852141e+00 
5.707020e+00 7.828514e+00 
5.742040e+00 7.804881e+00 
5.777430e+00 7.781112e+00 
5.812210e+00 7.757824e+00 
5.846820e+00 7.734865e+00 
5.881610e+00 7.711894e+00 
5.916510e+00 7.688919e+00 
5.951600e+00 7.666092e+00 
5.986560e+00 7.643509e+00 
6.021830e+00 7.620794e+00 
6.056490e+00 7.598667e+00 
6.091160e+00 7.576709e+00 
6.125830e+00 7.554815e+00 
6.161090e+00 7.532685e+00 
6.195760e+00 7.511146e+00 
6.230420e+00 7.489675e+00 
6.265690e+00 7.467899e+00 
6.300950e+00 7.446480e+00 
6.335620e+00 7.425479e+00 
6.370880e+00 7.404181e+00 
6.405550e+00 7.383456e+00 
6.440220e+00 7.362855e+00 
6.475480e+00 7.341961e+00 
6.510150e+00 7.321556e+00 
6.544810e+00 7.301399e+00 
6.580080e+00 7.280943e+00 
6.614750e+00 7.260891e+00 
6.649410e+00 7.241121e+00 
6.684080e+00 7.221442e+00 
6.719340e+00 7.201483e+00 
6.754010e+00 7.181983e+00 
6.788680e+00 7.162703e+00 
6.823940e+00 7.143149e+00 
6.859800e+00 7.123316e+00 
6.894470e+00 7.104370e+00 
6.929140e+00 7.085540e+00 
6.963800e+00 7.066764e+00 
6.999070e+00 7.047726e+00 
7.033730e+00 7.029311e+00 
7.068400e+00 7.010940e+00 
7.103660e+00 6.992305e+00 
7.138330e+00 6.974111e+00 
7.173600e+00 6.955817e+00 
7.208260e+00 6.937886e+00 
7.243530e+00 6.919687e+00 
7.277600e+00 6.902281e+00 
7.312860e+00 6.884432e+00 
7.348120e+00 6.866629e+00 
7.382790e+00 6.849169e+00 
7.417460e+00 6.831910e+00 
7.452720e+00 6.814483e+00 
7.487390e+00 6.797391e+00 
7.522650e+00 6.780053e+00 
7.557320e+00 6.763219e+00 
7.591990e+00 6.746492e+00 
7.627250e+00 6.729523e+00 
7.662510e+00 6.712596e+00 
7.697180e+00 6.696165e+00 
7.731850e+00 6.679842e+00 
7.766510e+00 6.663562e+00 
7.801180e+00 6.647318e+00 
7.836440e+00 6.630976e+00 
7.871110e+00 6.615034e+00 
7.906380e+00 6.598855e+00 
7.941040e+00 6.582995e+00 
7.976310e+00 6.566989e+00 
8.011570e+00 6.551141e+00 
8.046240e+00 6.535595e+00 
8.080900e+00 6.520090e+00 
8.115570e+00 6.504670e+00 
8.150830e+00 6.489226e+00 
8.185500e+00 6.474076e+00 
8.220770e+00 6.458700e+00 
8.255430e+00 6.443625e+00 
8.290100e+00 6.428754e+00 
8.324770e+00 6.413936e+00 
8.359430e+00 6.399158e+00 
8.394700e+00 6.384154e+00 
8.429960e+00 6.369301e+00 
8.464630e+00 6.354844e+00 
8.499890e+00 6.340176e+00 
8.534560e+00 6.325785e+00 
8.569200e+00 6.311440e+00 
