# Parameters:
# omega_b = 0.023000, omega_m = 0.137500, n_s = 0.950000, h = 69.716797, w = -1.000000,sigma_8 = 0.755000
# z = 0.500000
#
# k[1/Mpc] # Delta^2:
8.694000e-04 3.114482e-07 
2.077466e-03 8.963570e-06 
3.285532e-03 4.977464e-05 
4.493598e-03 1.550315e-04 
5.701664e-03 3.579270e-04 
6.909730e-03 6.878590e-04 
8.117797e-03 1.169435e-03 
9.325863e-03 1.818518e-03 
1.053393e-02 2.642863e-03 
1.174199e-02 3.642742e-03 
1.295006e-02 4.808224e-03 
1.415813e-02 6.126527e-03 
1.536619e-02 7.581402e-03 
1.657426e-02 9.151458e-03 
1.778233e-02 1.081396e-02 
1.899039e-02 1.255923e-02 
2.019846e-02 1.437499e-02 
2.140652e-02 1.625458e-02 
2.261459e-02 1.819120e-02 
2.382266e-02 2.018904e-02 
2.503072e-02 2.225732e-02 
2.623879e-02 2.440554e-02 
2.744685e-02 2.664592e-02 
2.865492e-02 2.899527e-02 
2.986299e-02 3.146864e-02 
3.100100e-02 3.393079e-02 
3.220400e-02 3.668731e-02 
3.288100e-02 3.831684e-02 
3.424300e-02 4.177326e-02 
3.555100e-02 4.532029e-02 
3.686000e-02 4.910489e-02 
3.795000e-02 5.243233e-02 
3.929100e-02 5.674855e-02 
4.039800e-02 6.047524e-02 
4.164000e-02 6.481523e-02 
4.294400e-02 6.950400e-02 
4.415000e-02 7.394539e-02 
4.542900e-02 7.868404e-02 
4.660900e-02 8.308248e-02 
4.782300e-02 8.751359e-02 
4.892900e-02 9.149398e-02 
5.031200e-02 9.631834e-02 
5.155900e-02 1.004711e-01 
5.238100e-02 1.031036e-01 
5.378200e-02 1.073926e-01 
5.513400e-02 1.112706e-01 
5.627600e-02 1.143565e-01 
5.735300e-02 1.171360e-01 
5.870100e-02 1.204681e-01 
5.988700e-02 1.233128e-01 
6.113500e-02 1.262556e-01 
6.225900e-02 1.289077e-01 
6.340100e-02 1.316515e-01 
6.480200e-02 1.351202e-01 
6.601100e-02 1.382878e-01 
6.725500e-02 1.417516e-01 
6.829100e-02 1.448570e-01 
6.958600e-02 1.489746e-01 
7.071100e-02 1.528319e-01 
7.192300e-02 1.572672e-01 
7.307400e-02 1.617516e-01 
7.412300e-02 1.660645e-01 
7.550400e-02 1.720882e-01 
7.663100e-02 1.772310e-01 
7.791200e-02 1.833494e-01 
7.912700e-02 1.893420e-01 
8.027600e-02 1.951200e-01 
8.138400e-02 2.007595e-01 
8.272200e-02 2.076036e-01 
8.406100e-02 2.144239e-01 
8.534100e-02 2.207925e-01 
8.653800e-02 2.265592e-01 
8.759800e-02 2.315301e-01 
8.900300e-02 2.378556e-01 
9.009000e-02 2.424924e-01 
9.113300e-02 2.466945e-01 
9.239600e-02 2.515679e-01 
9.358000e-02 2.558605e-01 
9.496100e-02 2.605060e-01 
9.608400e-02 2.641054e-01 
9.727500e-02 2.677813e-01 
9.852600e-02 2.714223e-01 
9.973800e-02 2.749024e-01 
1.009000e-01 2.781985e-01 
1.020900e-01 2.816246e-01 
1.034000e-01 2.854653e-01 
1.046000e-01 2.890698e-01 
1.057200e-01 2.926876e-01 
1.069100e-01 2.966397e-01 
1.082500e-01 3.014533e-01 
1.093900e-01 3.058179e-01 
1.105400e-01 3.103908e-01 
1.116900e-01 3.153771e-01 
1.129600e-01 3.210553e-01 
1.142000e-01 3.269934e-01 
1.153300e-01 3.325699e-01 
1.166400e-01 3.392864e-01 
1.177800e-01 3.453107e-01 
1.190000e-01 3.518806e-01 
1.201200e-01 3.579837e-01 
1.213400e-01 3.647003e-01 
1.227100e-01 3.721708e-01 
1.238900e-01 3.786130e-01 
1.250700e-01 3.849103e-01 
1.263200e-01 3.915325e-01 
1.275500e-01 3.978599e-01 
1.287500e-01 4.039337e-01 
1.299900e-01 4.100174e-01 
1.311300e-01 4.155019e-01 
1.323500e-01 4.211842e-01 
1.335900e-01 4.268613e-01 
1.347100e-01 4.318414e-01 
1.359800e-01 4.374269e-01 
1.372100e-01 4.426916e-01 
1.384300e-01 4.478860e-01 
1.395700e-01 4.526574e-01 
1.407700e-01 4.576820e-01 
1.420300e-01 4.629292e-01 
1.432800e-01 4.681396e-01 
1.444500e-01 4.730925e-01 
1.456300e-01 4.780931e-01 
1.468900e-01 4.835680e-01 
1.480500e-01 4.886553e-01 
1.491700e-01 4.936716e-01 
1.503800e-01 4.992282e-01 
1.516400e-01 5.050795e-01 
1.528200e-01 5.108013e-01 
1.540200e-01 5.166392e-01 
1.551900e-01 5.225681e-01 
1.564300e-01 5.289310e-01 
1.576600e-01 5.353711e-01 
1.588700e-01 5.418601e-01 
1.600900e-01 5.484416e-01 
1.612700e-01 5.549823e-01 
1.625400e-01 5.620587e-01 
1.637600e-01 5.689179e-01 
1.649500e-01 5.756583e-01 
1.662200e-01 5.828807e-01 
1.674000e-01 5.895750e-01 
1.685000e-01 5.958446e-01 
1.697500e-01 6.029244e-01 
1.710300e-01 6.101292e-01 
1.722200e-01 6.168582e-01 
1.734400e-01 6.235847e-01 
1.746400e-01 6.302183e-01 
1.758700e-01 6.369780e-01 
1.770900e-01 6.435705e-01 
1.782700e-01 6.499676e-01 
1.794600e-01 6.563453e-01 
1.807000e-01 6.629461e-01 
1.819100e-01 6.694056e-01 
1.830100e-01 6.752277e-01 
1.842200e-01 6.816363e-01 
1.855000e-01 6.884334e-01 
1.867000e-01 6.948219e-01 
1.879200e-01 7.013332e-01 
1.890900e-01 7.076049e-01 
1.902800e-01 7.140628e-01 
1.915200e-01 7.208099e-01 
1.926900e-01 7.272203e-01 
1.939000e-01 7.339592e-01 
1.951700e-01 7.410530e-01 
1.963100e-01 7.474764e-01 
1.975100e-01 7.543601e-01 
1.987800e-01 7.616684e-01 
2.000100e-01 7.688072e-01 
2.012500e-01 7.761173e-01 
2.023400e-01 7.825637e-01 
2.036100e-01 7.901193e-01 
2.048900e-01 7.978418e-01 
2.060400e-01 8.048041e-01 
2.072200e-01 8.119758e-01 
2.084200e-01 8.193436e-01 
2.096900e-01 8.271691e-01 
2.109200e-01 8.347756e-01 
2.121100e-01 8.421689e-01 
2.132700e-01 8.494006e-01 
2.145200e-01 8.572204e-01 
2.157200e-01 8.647445e-01 
2.168800e-01 8.720378e-01 
2.180700e-01 8.795444e-01 
2.193400e-01 8.875728e-01 
2.206000e-01 8.955464e-01 
2.217500e-01 9.028478e-01 
2.229500e-01 9.104909e-01 
2.241400e-01 9.180724e-01 
2.253500e-01 9.258052e-01 
2.264900e-01 9.331134e-01 
2.277100e-01 9.409496e-01 
2.289900e-01 9.491876e-01 
2.301500e-01 9.566768e-01 
2.313600e-01 9.645127e-01 
2.325600e-01 9.723133e-01 
2.337700e-01 9.802032e-01 
2.350000e-01 9.882485e-01 
2.362000e-01 9.961328e-01 
2.374100e-01 1.004121e+00 
2.386500e-01 1.012332e+00 
2.399100e-01 1.020702e+00 
2.410400e-01 1.028266e+00 
2.422500e-01 1.036393e+00 
2.435000e-01 1.044816e+00 
2.447300e-01 1.053138e+00 
2.458700e-01 1.060910e+00 
2.470600e-01 1.069047e+00 
2.483300e-01 1.077759e+00 
2.495600e-01 1.086247e+00 
2.507600e-01 1.094587e+00 
2.519600e-01 1.102954e+00 
2.532200e-01 1.111767e+00 
2.543700e-01 1.119861e+00 
2.555500e-01 1.128211e+00 
2.568000e-01 1.137084e+00 
2.580100e-01 1.145700e+00 
2.592400e-01 1.154516e+00 
2.604100e-01 1.162942e+00 
2.616100e-01 1.171610e+00 
2.628400e-01 1.180524e+00 
2.640600e-01 1.189418e+00 
2.652200e-01 1.197911e+00 
2.664300e-01 1.206798e+00 
2.676500e-01 1.215787e+00 
2.688400e-01 1.224599e+00 
2.700700e-01 1.233746e+00 
2.712400e-01 1.242475e+00 
2.724800e-01 1.251755e+00 
2.736700e-01 1.260690e+00 
2.748800e-01 1.269804e+00 
2.761000e-01 1.279023e+00 
2.773200e-01 1.288271e+00 
2.785400e-01 1.297550e+00 
2.797000e-01 1.306405e+00 
2.808900e-01 1.315516e+00 
2.821400e-01 1.325116e+00 
2.833900e-01 1.334747e+00 
2.845500e-01 1.343709e+00 
2.857800e-01 1.353241e+00 
2.870300e-01 1.362958e+00 
2.882100e-01 1.372160e+00 
2.893900e-01 1.381385e+00 
2.906300e-01 1.391108e+00 
2.918900e-01 1.401018e+00 
2.930500e-01 1.410169e+00 
2.942500e-01 1.419663e+00 
2.954200e-01 1.428946e+00 
2.966500e-01 1.438733e+00 
2.978900e-01 1.448630e+00 
2.990400e-01 1.457836e+00 
3.002700e-01 1.467714e+00 
3.015100e-01 1.477703e+00 
3.026800e-01 1.487155e+00 
3.038500e-01 1.496635e+00 
3.050300e-01 1.506223e+00 
3.062600e-01 1.516254e+00 
3.075000e-01 1.526396e+00 
3.087000e-01 1.536240e+00 
3.099100e-01 1.546195e+00 
3.111200e-01 1.556186e+00 
3.123100e-01 1.566051e+00 
3.135300e-01 1.576194e+00 
3.147300e-01 1.586200e+00 
3.159900e-01 1.596738e+00 
3.171800e-01 1.606731e+00 
3.183700e-01 1.616760e+00 
3.196300e-01 1.627411e+00 
3.208400e-01 1.637669e+00 
3.220300e-01 1.647786e+00 
3.232000e-01 1.657786e+00 
3.244300e-01 1.668339e+00 
3.256700e-01 1.679009e+00 
3.269200e-01 1.689796e+00 
3.280800e-01 1.699836e+00 
3.292500e-01 1.710016e+00 
3.304800e-01 1.720756e+00 
3.317100e-01 1.731529e+00 
3.328900e-01 1.741893e+00 
3.340700e-01 1.752285e+00 
3.353600e-01 1.763713e+00 
3.365300e-01 1.774121e+00 
3.377100e-01 1.784647e+00 
3.389200e-01 1.795471e+00 
3.401600e-01 1.806596e+00 
3.413700e-01 1.817507e+00 
3.425300e-01 1.828014e+00 
3.437700e-01 1.839278e+00 
3.449800e-01 1.850301e+00 
3.461800e-01 1.861264e+00 
3.473600e-01 1.872089e+00 
3.485800e-01 1.883345e+00 
3.498100e-01 1.894726e+00 
3.510200e-01 1.905956e+00 
3.522000e-01 1.916938e+00 
3.533900e-01 1.928044e+00 
3.546400e-01 1.939793e+00 
3.558400e-01 1.951107e+00 
3.570600e-01 1.962644e+00 
3.582700e-01 1.974119e+00 
3.595000e-01 1.985818e+00 
3.607100e-01 1.997384e+00 
3.618900e-01 2.008713e+00 
3.631200e-01 2.020557e+00 
3.643200e-01 2.032145e+00 
3.655500e-01 2.044058e+00 
3.667300e-01 2.055519e+00 
3.679500e-01 2.067467e+00 
3.691900e-01 2.079646e+00 
3.703600e-01 2.091172e+00 
3.715700e-01 2.103125e+00 
3.727700e-01 2.115014e+00 
3.739900e-01 2.127144e+00 
3.752000e-01 2.139223e+00 
3.763900e-01 2.151137e+00 
3.775800e-01 2.163084e+00 
3.788200e-01 2.175570e+00 
3.800300e-01 2.187789e+00 
3.812100e-01 2.199724e+00 
3.824200e-01 2.211987e+00 
3.836100e-01 2.224081e+00 
3.848600e-01 2.236822e+00 
3.860400e-01 2.248884e+00 
3.872400e-01 2.261184e+00 
3.884600e-01 2.273803e+00 
3.896500e-01 2.286177e+00 
3.908700e-01 2.298899e+00 
3.920600e-01 2.311344e+00 
3.933100e-01 2.324455e+00 
3.945300e-01 2.337288e+00 
3.957200e-01 2.349825e+00 
3.969300e-01 2.362603e+00 
3.981700e-01 2.375735e+00 
3.993500e-01 2.388268e+00 
4.094840e-01 2.497144e+00 
4.272360e-01 2.694881e+00 
4.454600e-01 2.905642e+00 
4.630560e-01 3.116521e+00 
4.804610e-01 3.332113e+00 
4.980690e-01 3.557688e+00 
5.159230e-01 3.793892e+00 
5.317440e-01 4.010054e+00 
5.489640e-01 4.251956e+00 
5.671990e-01 4.516223e+00 
5.838690e-01 4.765615e+00 
6.018840e-01 5.043877e+00 
6.202330e-01 5.336868e+00 
6.379250e-01 5.627493e+00 
6.545410e-01 5.908969e+00 
6.714560e-01 6.203590e+00 
6.892080e-01 6.521455e+00 
7.066010e-01 6.840816e+00 
7.240540e-01 7.170187e+00 
7.420450e-01 7.519848e+00 
7.593780e-01 7.863543e+00 
7.764720e-01 8.211046e+00 
7.942840e-01 8.582063e+00 
8.116170e-01 8.949478e+00 
8.288310e-01 9.323007e+00 
8.462240e-01 9.706674e+00 
8.631980e-01 1.008837e+01 
8.810700e-01 1.049796e+01 
8.989410e-01 1.091536e+01 
9.166330e-01 1.133484e+01 
9.345640e-01 1.176545e+01 
9.515980e-01 1.218078e+01 
9.688720e-01 1.260868e+01 
9.865640e-01 1.305232e+01 
1.031870e+00 1.421299e+01 
1.063490e+00 1.504338e+01 
1.097920e+00 1.596417e+01 
1.134370e+00 1.695939e+01 
1.167730e+00 1.788236e+01 
1.203830e+00 1.889811e+01 
1.240470e+00 1.994428e+01 
1.275790e+00 2.096256e+01 
1.309140e+00 2.193783e+01 
1.342970e+00 2.293216e+01 
1.378420e+00 2.398879e+01 
1.413200e+00 2.503127e+01 
1.448110e+00 2.608596e+01 
1.484090e+00 2.718243e+01 
1.518820e+00 2.824697e+01 
1.552880e+00 2.929318e+01 
1.588630e+00 3.040011e+01 
1.623230e+00 3.147729e+01 
1.657720e+00 3.255502e+01 
1.692450e+00 3.365106e+01 
1.726400e+00 3.471720e+01 
1.762200e+00 3.584394e+01 
1.797880e+00 3.697228e+01 
1.833270e+00 3.809486e+01 
1.869070e+00 3.923145e+01 
1.903200e+00 4.032008e+01 
1.937740e+00 4.142245e+01 
1.973190e+00 4.255415e+01 
2.007440e+00 4.364841e+01 
2.042160e+00 4.475899e+01 
2.077900e+00 4.590046e+01 
2.112390e+00 4.700974e+01 
2.146220e+00 4.808660e+01 
2.181600e+00 4.922009e+01 
2.216930e+00 5.035219e+01 
2.250760e+00 5.143324e+01 
2.286500e+00 5.257338e+01 
2.321770e+00 5.369924e+01 
2.355950e+00 5.479028e+01 
2.391280e+00 5.591196e+01 
2.426240e+00 5.702429e+01 
2.460670e+00 5.811730e+01 
2.495640e+00 5.922145e+01 
2.531080e+00 6.034592e+01 
2.566220e+00 6.145525e+01 
2.600830e+00 6.254596e+01 
2.635080e+00 6.362483e+01 
2.670340e+00 6.472680e+01 
2.705970e+00 6.584441e+01 
2.740040e+00 6.691324e+01 
2.774520e+00 6.798396e+01 
2.809730e+00 6.907887e+01 
2.844390e+00 7.015615e+01 
2.879960e+00 7.125683e+01 
2.914860e+00 7.233261e+01 
2.949410e+00 7.339644e+01 
2.984440e+00 7.447567e+01 
3.019760e+00 7.555693e+01 
3.054730e+00 7.662319e+01 
3.089030e+00 7.766708e+01 
3.124060e+00 7.873169e+01 
3.159560e+00 7.980839e+01 
3.194710e+00 8.087225e+01 
3.229010e+00 8.190853e+01 
3.263320e+00 8.293470e+01 
3.297930e+00 8.396937e+01 
3.332830e+00 8.501287e+01 
3.368040e+00 8.606132e+01 
3.403300e+00 8.710757e+01 
3.438450e+00 8.814440e+01 
3.473060e+00 8.916259e+01 
3.508440e+00 9.020775e+01 
3.543110e+00 9.122924e+01 
3.577470e+00 9.223307e+01 
3.613040e+00 9.327176e+01 
3.648120e+00 9.429844e+01 
3.682910e+00 9.531048e+01 
3.718050e+00 9.632226e+01 
3.753320e+00 9.733982e+01 
3.787980e+00 9.834412e+01 
3.822290e+00 9.933288e+01 
3.857020e+00 1.003263e+02 
3.891920e+00 1.013220e+02 
3.926650e+00 1.023102e+02 
3.961970e+00 1.033125e+02 
3.997360e+00 1.043138e+02 
4.031670e+00 1.052827e+02 
4.066330e+00 1.062623e+02 
4.101420e+00 1.072513e+02 
4.136200e+00 1.082277e+02 
4.170810e+00 1.091966e+02 
4.206250e+00 1.101897e+02 
4.241580e+00 1.111776e+02 
4.276300e+00 1.121440e+02 
4.310970e+00 1.131054e+02 
4.346120e+00 1.140794e+02 
4.380600e+00 1.150358e+02 
4.414730e+00 1.159797e+02 
4.450350e+00 1.169596e+02 
4.485320e+00 1.179185e+02 
4.519810e+00 1.188659e+02 
4.555430e+00 1.198434e+02 
4.590870e+00 1.208147e+02 
4.625480e+00 1.217643e+02 
4.659910e+00 1.227062e+02 
4.695230e+00 1.236684e+02 
4.729960e+00 1.246115e+02 
4.764450e+00 1.255446e+02 
4.799530e+00 1.264898e+02 
4.834910e+00 1.274400e+02 
4.869700e+00 1.283838e+02 
4.904370e+00 1.293237e+02 
4.939450e+00 1.302714e+02 
4.973940e+00 1.311996e+02 
5.008430e+00 1.321248e+02 
5.043810e+00 1.330704e+02 
5.078840e+00 1.340034e+02 
5.113500e+00 1.349235e+02 
5.148890e+00 1.358745e+02 
5.184210e+00 1.368213e+02 
5.219060e+00 1.377503e+02 
5.253660e+00 1.386636e+02 
5.288570e+00 1.395819e+02 
5.323420e+00 1.405030e+02 
5.358440e+00 1.414340e+02 
5.393590e+00 1.423654e+02 
5.428310e+00 1.432825e+02 
5.462800e+00 1.441906e+02 
5.497640e+00 1.451049e+02 
5.532670e+00 1.460331e+02 
5.567280e+00 1.469513e+02 
5.602000e+00 1.478696e+02 
5.637270e+00 1.487926e+02 
5.672410e+00 1.497077e+02 
5.707020e+00 1.506059e+02 
5.742040e+00 1.515256e+02 
5.777430e+00 1.524550e+02 
5.812210e+00 1.533655e+02 
5.846820e+00 1.542683e+02 
5.881610e+00 1.551729e+02 
5.916510e+00 1.560773e+02 
5.951600e+00 1.569901e+02 
5.986560e+00 1.578994e+02 
6.021830e+00 1.588139e+02 
6.056490e+00 1.597140e+02 
6.091160e+00 1.606154e+02 
6.125830e+00 1.615139e+02 
6.161090e+00 1.624250e+02 
6.195760e+00 1.633179e+02 
6.230420e+00 1.642077e+02 
6.265690e+00 1.651107e+02 
6.300950e+00 1.660198e+02 
6.335620e+00 1.669109e+02 
6.370880e+00 1.678143e+02 
6.405550e+00 1.687053e+02 
6.440220e+00 1.695959e+02 
6.475480e+00 1.704988e+02 
6.510150e+00 1.713866e+02 
6.544810e+00 1.722778e+02 
6.580080e+00 1.731820e+02 
6.614750e+00 1.740681e+02 
6.649410e+00 1.749518e+02 
6.684080e+00 1.758332e+02 
6.719340e+00 1.767268e+02 
6.754010e+00 1.776052e+02 
6.788680e+00 1.784870e+02 
6.823940e+00 1.793810e+02 
6.859800e+00 1.802874e+02 
6.894470e+00 1.811674e+02 
6.929140e+00 1.820472e+02 
6.963800e+00 1.829242e+02 
6.999070e+00 1.838139e+02 
7.033730e+00 1.846865e+02 
7.068400e+00 1.855568e+02 
7.103660e+00 1.864391e+02 
7.138330e+00 1.873096e+02 
7.173600e+00 1.882039e+02 
7.208260e+00 1.890802e+02 
7.243530e+00 1.899694e+02 
7.277600e+00 1.908221e+02 
7.312860e+00 1.916984e+02 
7.348120e+00 1.925721e+02 
7.382790e+00 1.934285e+02 
7.417460e+00 1.942934e+02 
7.452720e+00 1.951764e+02 
7.487390e+00 1.960420e+02 
7.522650e+00 1.969198e+02 
7.557320e+00 1.977813e+02 
7.591990e+00 1.986405e+02 
7.627250e+00 1.995117e+02 
7.662510e+00 2.003804e+02 
7.697180e+00 2.012384e+02 
7.731850e+00 2.020965e+02 
7.766510e+00 2.029519e+02 
7.801180e+00 2.038050e+02 
7.836440e+00 2.046707e+02 
7.871110e+00 2.055198e+02 
7.906380e+00 2.063809e+02 
7.941040e+00 2.072247e+02 
7.976310e+00 2.080852e+02 
8.011570e+00 2.089481e+02 
8.046240e+00 2.097942e+02 
8.080900e+00 2.106376e+02 
8.115570e+00 2.114799e+02 
8.150830e+00 2.123386e+02 
8.185500e+00 2.131805e+02 
8.220770e+00 2.140345e+02 
8.255430e+00 2.148713e+02 
8.290100e+00 2.157108e+02 
8.324770e+00 2.165486e+02 
8.359430e+00 2.173837e+02 
8.394700e+00 2.182311e+02 
8.429960e+00 2.190788e+02 
8.464630e+00 2.199129e+02 
8.499890e+00 2.207589e+02 
8.534560e+00 2.215882e+02 
8.569200e+00 2.224145e+02 
