# Parameters:
# omega_b = 0.022500, omega_m = 0.125000, n_s = 0.950000, h = 74.091797, w = -1.000000,sigma_8 = 0.755000
# z = 0.500000
#
# k[1/Mpc] # P(k):
8.694000e-04 1.201289e+04 
2.077466e-03 2.501244e+04 
3.285532e-03 3.470676e+04 
4.493598e-03 4.177910e+04 
5.701664e-03 4.670800e+04 
6.909730e-03 4.990969e+04 
8.117797e-03 5.180686e+04 
9.325863e-03 5.261931e+04 
1.053393e-02 5.255608e+04 
1.174199e-02 5.180389e+04 
1.295006e-02 5.048303e+04 
1.415813e-02 4.875022e+04 
1.536619e-02 4.673470e+04 
1.657426e-02 4.452676e+04 
1.778233e-02 4.220903e+04 
1.899039e-02 3.988703e+04 
2.019846e-02 3.760907e+04 
2.140652e-02 3.542391e+04 
2.261459e-02 3.336128e+04 
2.382266e-02 3.144985e+04 
2.503072e-02 2.970433e+04 
2.623879e-02 2.812605e+04 
2.744685e-02 2.671428e+04 
2.865492e-02 2.546021e+04 
2.986299e-02 2.435171e+04 
3.100100e-02 2.343424e+04 
3.220400e-02 2.258228e+04 
3.288100e-02 2.215336e+04 
3.424300e-02 2.138263e+04 
3.555100e-02 2.073751e+04 
3.686000e-02 2.016915e+04 
3.795000e-02 1.974049e+04 
3.929100e-02 1.925637e+04 
4.039800e-02 1.887787e+04 
4.164000e-02 1.846688e+04 
4.294400e-02 1.803178e+04 
4.415000e-02 1.762735e+04 
4.542900e-02 1.717686e+04 
4.660900e-02 1.675102e+04 
4.782300e-02 1.628144e+04 
4.892900e-02 1.584184e+04 
5.031200e-02 1.527104e+04 
5.155900e-02 1.473808e+04 
5.238100e-02 1.438179e+04 
5.378200e-02 1.377135e+04 
5.513400e-02 1.318299e+04 
5.627600e-02 1.269306e+04 
5.735300e-02 1.224274e+04 
5.870100e-02 1.170038e+04 
5.988700e-02 1.124769e+04 
6.113500e-02 1.079878e+04 
6.225900e-02 1.042150e+04 
6.340100e-02 1.006617e+04 
6.480200e-02 9.666753e+03 
6.601100e-02 9.358091e+03 
6.725500e-02 9.073097e+03 
6.829100e-02 8.862499e+03 
6.958600e-02 8.625384e+03 
7.071100e-02 8.444536e+03 
7.192300e-02 8.271535e+03 
7.307400e-02 8.125682e+03 
7.412300e-02 8.006092e+03 
7.550400e-02 7.866035e+03 
7.663100e-02 7.761479e+03 
7.791200e-02 7.651942e+03 
7.912700e-02 7.552169e+03 
8.027600e-02 7.458649e+03 
8.138400e-02 7.367764e+03 
8.272200e-02 7.254775e+03 
8.406100e-02 7.136274e+03 
8.534100e-02 7.013754e+03 
8.653800e-02 6.890797e+03 
8.759800e-02 6.777312e+03 
8.900300e-02 6.619385e+03 
9.009000e-02 6.491056e+03 
9.113300e-02 6.363171e+03 
9.239600e-02 6.206541e+03 
9.358000e-02 6.057301e+03 
9.496100e-02 5.881607e+03 
9.608400e-02 5.740766e+03 
9.727500e-02 5.594242e+03 
9.852600e-02 5.444271e+03 
9.973800e-02 5.305002e+03 
1.009000e-01 5.176757e+03 
1.020900e-01 5.054494e+03 
1.034000e-01 4.927606e+03 
1.046000e-01 4.818654e+03 
1.057200e-01 4.727015e+03 
1.069100e-01 4.635096e+03 
1.082500e-01 4.542700e+03 
1.093900e-01 4.471346e+03 
1.105400e-01 4.404123e+03 
1.116900e-01 4.345020e+03 
1.129600e-01 4.283469e+03 
1.142000e-01 4.229665e+03 
1.153300e-01 4.183059e+03 
1.166400e-01 4.132263e+03 
1.177800e-01 4.089572e+03 
1.190000e-01 4.045182e+03 
1.201200e-01 4.003685e+03 
1.213400e-01 3.959244e+03 
1.227100e-01 3.906028e+03 
1.238900e-01 3.860146e+03 
1.250700e-01 3.811353e+03 
1.263200e-01 3.759202e+03 
1.275500e-01 3.705376e+03 
1.287500e-01 3.652262e+03 
1.299900e-01 3.595770e+03 
1.311300e-01 3.543665e+03 
1.323500e-01 3.487128e+03 
1.335900e-01 3.430231e+03 
1.347100e-01 3.378952e+03 
1.359800e-01 3.321934e+03 
1.372100e-01 3.267608e+03 
1.384300e-01 3.215145e+03 
1.395700e-01 3.167597e+03 
1.407700e-01 3.118767e+03 
1.420300e-01 3.069938e+03 
1.432800e-01 3.022605e+03 
1.444500e-01 2.981090e+03 
1.456300e-01 2.940091e+03 
1.468900e-01 2.898777e+03 
1.480500e-01 2.861987e+03 
1.491700e-01 2.827925e+03 
1.503800e-01 2.792829e+03 
1.516400e-01 2.757317e+03 
1.528200e-01 2.725975e+03 
1.540200e-01 2.694715e+03 
1.551900e-01 2.665686e+03 
1.564300e-01 2.635720e+03 
1.576600e-01 2.606835e+03 
1.588700e-01 2.579278e+03 
1.600900e-01 2.552017e+03 
1.612700e-01 2.526225e+03 
1.625400e-01 2.498981e+03 
1.637600e-01 2.473075e+03 
1.649500e-01 2.448129e+03 
1.662200e-01 2.421889e+03 
1.674000e-01 2.397381e+03 
1.685000e-01 2.374917e+03 
1.697500e-01 2.349390e+03 
1.710300e-01 2.323294e+03 
1.722200e-01 2.299467e+03 
1.734400e-01 2.274624e+03 
1.746400e-01 2.250578e+03 
1.758700e-01 2.226146e+03 
1.770900e-01 2.201900e+03 
1.782700e-01 2.178849e+03 
1.794600e-01 2.155765e+03 
1.807000e-01 2.131971e+03 
1.819100e-01 2.109149e+03 
1.830100e-01 2.088695e+03 
1.842200e-01 2.066546e+03 
1.855000e-01 2.043525e+03 
1.867000e-01 2.022516e+03 
1.879200e-01 2.001506e+03 
1.890900e-01 1.981744e+03 
1.902800e-01 1.962293e+03 
1.915200e-01 1.942349e+03 
1.926900e-01 1.923935e+03 
1.939000e-01 1.905535e+03 
1.951700e-01 1.886531e+03 
1.963100e-01 1.869851e+03 
1.975100e-01 1.852865e+03 
1.987800e-01 1.835167e+03 
2.000100e-01 1.818389e+03 
2.012500e-01 1.801955e+03 
2.023400e-01 1.787715e+03 
2.036100e-01 1.771401e+03 
2.048900e-01 1.755361e+03 
2.060400e-01 1.741161e+03 
2.072200e-01 1.726797e+03 
2.084200e-01 1.712436e+03 
2.096900e-01 1.697458e+03 
2.109200e-01 1.683166e+03 
2.121100e-01 1.669464e+03 
2.132700e-01 1.656286e+03 
2.145200e-01 1.642284e+03 
2.157200e-01 1.628949e+03 
2.168800e-01 1.616193e+03 
2.180700e-01 1.603283e+03 
2.193400e-01 1.589648e+03 
2.206000e-01 1.576219e+03 
2.217500e-01 1.564129e+03 
2.229500e-01 1.551679e+03 
2.241400e-01 1.539379e+03 
2.253500e-01 1.527035e+03 
2.264900e-01 1.515556e+03 
2.277100e-01 1.503385e+03 
2.289900e-01 1.490740e+03 
2.301500e-01 1.479432e+03 
2.313600e-01 1.467787e+03 
2.325600e-01 1.456349e+03 
2.337700e-01 1.444965e+03 
2.350000e-01 1.433544e+03 
2.362000e-01 1.422548e+03 
2.374100e-01 1.411606e+03 
2.386500e-01 1.400536e+03 
2.399100e-01 1.389435e+03 
2.410400e-01 1.379645e+03 
2.422500e-01 1.369295e+03 
2.435000e-01 1.358737e+03 
2.447300e-01 1.348496e+03 
2.458700e-01 1.339179e+03 
2.470600e-01 1.329569e+03 
2.483300e-01 1.319438e+03 
2.495600e-01 1.309796e+03 
2.507600e-01 1.300567e+03 
2.519600e-01 1.291446e+03 
2.532200e-01 1.281986e+03 
2.543700e-01 1.273514e+03 
2.555500e-01 1.264962e+03 
2.568000e-01 1.256009e+03 
2.580100e-01 1.247445e+03 
2.592400e-01 1.238912e+03 
2.604100e-01 1.230919e+03 
2.616100e-01 1.222812e+03 
2.628400e-01 1.214598e+03 
2.640600e-01 1.206607e+03 
2.652200e-01 1.199117e+03 
2.664300e-01 1.191391e+03 
2.676500e-01 1.183688e+03 
2.688400e-01 1.176296e+03 
2.700700e-01 1.168764e+03 
2.712400e-01 1.161677e+03 
2.724800e-01 1.154249e+03 
2.736700e-01 1.147210e+03 
2.748800e-01 1.140143e+03 
2.761000e-01 1.133095e+03 
2.773200e-01 1.126123e+03 
2.785400e-01 1.119232e+03 
2.797000e-01 1.112760e+03 
2.808900e-01 1.106189e+03 
2.821400e-01 1.099361e+03 
2.833900e-01 1.092607e+03 
2.845500e-01 1.086403e+03 
2.857800e-01 1.079894e+03 
2.870300e-01 1.073349e+03 
2.882100e-01 1.067235e+03 
2.893900e-01 1.061177e+03 
2.906300e-01 1.054876e+03 
2.918900e-01 1.048540e+03 
2.930500e-01 1.042766e+03 
2.942500e-01 1.036851e+03 
2.954200e-01 1.031137e+03 
2.966500e-01 1.025190e+03 
2.978900e-01 1.019256e+03 
2.990400e-01 1.013806e+03 
3.002700e-01 1.008033e+03 
3.015100e-01 1.002272e+03 
3.026800e-01 9.968885e+02 
3.038500e-01 9.915564e+02 
3.050300e-01 9.862300e+02 
3.062600e-01 9.807336e+02 
3.075000e-01 9.752474e+02 
3.087000e-01 9.699899e+02 
3.099100e-01 9.647395e+02 
3.111200e-01 9.595436e+02 
3.123100e-01 9.544891e+02 
3.135300e-01 9.493563e+02 
3.147300e-01 9.443554e+02 
3.159900e-01 9.391549e+02 
3.171800e-01 9.342982e+02 
3.183700e-01 9.294914e+02 
3.196300e-01 9.244500e+02 
3.208400e-01 9.196545e+02 
3.220300e-01 9.149816e+02 
3.232000e-01 9.104444e+02 
3.244300e-01 9.057241e+02 
3.256700e-01 9.010099e+02 
3.269200e-01 8.963022e+02 
3.280800e-01 8.919730e+02 
3.292500e-01 8.876610e+02 
3.304800e-01 8.831736e+02 
3.317100e-01 8.787271e+02 
3.328900e-01 8.744994e+02 
3.340700e-01 8.703084e+02 
3.353600e-01 8.657882e+02 
3.365300e-01 8.617327e+02 
3.377100e-01 8.576776e+02 
3.389200e-01 8.535555e+02 
3.401600e-01 8.493686e+02 
3.413700e-01 8.453332e+02 
3.425300e-01 8.415075e+02 
3.437700e-01 8.374529e+02 
3.449800e-01 8.335310e+02 
3.461800e-01 8.296748e+02 
3.473600e-01 8.259220e+02 
3.485800e-01 8.220925e+02 
3.498100e-01 8.182648e+02 
3.510200e-01 8.145316e+02 
3.522000e-01 8.109212e+02 
3.533900e-01 8.073101e+02 
3.546400e-01 8.035739e+02 
3.558400e-01 8.000188e+02 
3.570600e-01 7.964344e+02 
3.582700e-01 7.929091e+02 
3.595000e-01 7.893553e+02 
3.607100e-01 7.858999e+02 
3.618900e-01 7.825664e+02 
3.631200e-01 7.791200e+02 
3.643200e-01 7.757852e+02 
3.655500e-01 7.723948e+02 
3.667300e-01 7.691685e+02 
3.679500e-01 7.658877e+02 
3.691900e-01 7.625803e+02 
3.703600e-01 7.594846e+02 
3.715700e-01 7.563081e+02 
3.727700e-01 7.531828e+02 
3.739900e-01 7.500343e+02 
3.752000e-01 7.469430e+02 
3.763900e-01 7.439265e+02 
3.775800e-01 7.409333e+02 
3.788200e-01 7.378389e+02 
3.800300e-01 7.348431e+02 
3.812100e-01 7.319411e+02 
3.824200e-01 7.289860e+02 
3.836100e-01 7.261020e+02 
3.848600e-01 7.230961e+02 
3.860400e-01 7.202805e+02 
3.872400e-01 7.174387e+02 
3.884600e-01 7.145979e+02 
3.896500e-01 7.118579e+02 
3.908700e-01 7.090700e+02 
3.920600e-01 7.063711e+02 
3.933100e-01 7.035577e+02 
3.945300e-01 7.008329e+02 
3.957200e-01 6.981914e+02 
3.969300e-01 6.955243e+02 
3.981700e-01 6.928118e+02 
3.993500e-01 6.902496e+02 
4.094840e-01 6.689463e+02 
4.272360e-01 6.348213e+02 
4.454600e-01 6.031126e+02 
4.630560e-01 5.752440e+02 
4.804610e-01 5.499740e+02 
4.980690e-01 5.265117e+02 
5.159230e-01 5.045927e+02 
5.317440e-01 4.866401e+02 
5.489640e-01 4.684112e+02 
5.671990e-01 4.505078e+02 
5.838690e-01 4.353178e+02 
6.018840e-01 4.200582e+02 
6.202330e-01 4.056323e+02 
6.379250e-01 3.926118e+02 
6.545410e-01 3.811823e+02 
6.714560e-01 3.702443e+02 
6.892080e-01 3.594475e+02 
7.066010e-01 3.494540e+02 
7.240540e-01 3.400105e+02 
7.420450e-01 3.308737e+02 
7.593780e-01 3.224713e+02 
7.764720e-01 3.146252e+02 
7.942840e-01 3.068740e+02 
8.116170e-01 2.996394e+02 
8.288310e-01 2.928168e+02 
8.462240e-01 2.861887e+02 
8.631980e-01 2.800004e+02 
8.810700e-01 2.737646e+02 
8.989410e-01 2.677969e+02 
9.166330e-01 2.621040e+02 
9.345640e-01 2.565250e+02 
9.515980e-01 2.514221e+02 
9.688720e-01 2.464433e+02 
9.865640e-01 2.415095e+02 
1.031870e+00 2.295836e+02 
1.063490e+00 2.218243e+02 
1.097920e+00 2.138317e+02 
1.134370e+00 2.058759e+02 
1.167730e+00 1.989514e+02 
1.203830e+00 1.918719e+02 
1.240470e+00 1.850666e+02 
1.275790e+00 1.788152e+02 
1.309140e+00 1.732160e+02 
1.342970e+00 1.677614e+02 
1.378420e+00 1.623419e+02 
1.413200e+00 1.572478e+02 
1.448110e+00 1.523647e+02 
1.484090e+00 1.475645e+02 
1.518820e+00 1.431304e+02 
1.552880e+00 1.389470e+02 
1.588630e+00 1.347546e+02 
1.623230e+00 1.308688e+02 
1.657720e+00 1.271498e+02 
1.692450e+00 1.235791e+02 
1.726400e+00 1.201929e+02 
1.762200e+00 1.167603e+02 
1.797880e+00 1.134829e+02 
1.833270e+00 1.103613e+02 
1.869070e+00 1.073218e+02 
1.903200e+00 1.045413e+02 
1.937740e+00 1.018276e+02 
1.973190e+00 9.914191e+01 
2.007440e+00 9.664047e+01 
2.042160e+00 9.419568e+01 
2.077900e+00 9.176444e+01 
2.112390e+00 8.951548e+01 
2.146220e+00 8.736340e+01 
2.181600e+00 8.520271e+01 
2.216930e+00 8.312005e+01 
2.250760e+00 8.118829e+01 
2.286500e+00 7.921342e+01 
2.321770e+00 7.733223e+01 
2.355950e+00 7.556982e+01 
2.391280e+00 7.380026e+01 
2.426240e+00 7.211060e+01 
2.460670e+00 7.049778e+01 
2.495640e+00 6.890578e+01 
2.531080e+00 6.735128e+01 
2.566220e+00 6.585392e+01 
2.600830e+00 6.442436e+01 
2.635080e+00 6.305356e+01 
2.670340e+00 6.167810e+01 
2.705970e+00 6.033632e+01 
2.740040e+00 5.909327e+01 
2.774520e+00 5.786395e+01 
2.809730e+00 5.664836e+01 
2.844390e+00 5.548792e+01 
2.879960e+00 5.432944e+01 
2.914860e+00 5.322407e+01 
2.949410e+00 5.216159e+01 
2.984440e+00 5.111655e+01 
3.019760e+00 5.008947e+01 
3.054730e+00 4.909991e+01 
3.089030e+00 4.815576e+01 
3.124060e+00 4.721838e+01 
3.159560e+00 4.629466e+01 
3.194710e+00 4.540496e+01 
3.229010e+00 4.456025e+01 
3.263320e+00 4.373286e+01 
3.297930e+00 4.292113e+01 
3.332830e+00 4.212519e+01 
3.368040e+00 4.134221e+01 
3.403300e+00 4.057805e+01 
3.438450e+00 3.983418e+01 
3.473060e+00 3.912047e+01 
3.508440e+00 3.841210e+01 
3.543110e+00 3.773543e+01 
3.577470e+00 3.707858e+01 
3.613040e+00 3.641641e+01 
3.648120e+00 3.578135e+01 
3.682910e+00 3.516555e+01 
3.718050e+00 3.455569e+01 
3.753320e+00 3.396011e+01 
3.787980e+00 3.339110e+01 
3.822290e+00 3.284001e+01 
3.857020e+00 3.229345e+01 
3.891920e+00 3.175708e+01 
3.926650e+00 3.123559e+01 
3.961970e+00 3.071753e+01 
3.997360e+00 3.021025e+01 
4.031670e+00 2.972992e+01 
4.066330e+00 2.925626e+01 
4.101420e+00 2.878758e+01 
4.136200e+00 2.833282e+01 
4.170810e+00 2.789035e+01 
4.206250e+00 2.744798e+01 
4.241580e+00 2.701694e+01 
4.276300e+00 2.660202e+01 
4.310970e+00 2.619629e+01 
4.346120e+00 2.579419e+01 
4.380600e+00 2.540880e+01 
4.414730e+00 2.503526e+01 
4.450350e+00 2.465281e+01 
4.485320e+00 2.428530e+01 
4.519810e+00 2.393100e+01 
4.555430e+00 2.357299e+01 
4.590870e+00 2.322448e+01 
4.625480e+00 2.289165e+01 
4.659910e+00 2.256716e+01 
4.695230e+00 2.224051e+01 
4.729960e+00 2.192567e+01 
4.764450e+00 2.161898e+01 
4.799530e+00 2.131288e+01 
4.834910e+00 2.101025e+01 
4.869700e+00 2.072030e+01 
4.904370e+00 2.043719e+01 
4.939450e+00 2.015610e+01 
4.973940e+00 1.988468e+01 
5.008430e+00 1.961833e+01 
5.043810e+00 1.935007e+01 
5.078840e+00 1.908936e+01 
5.113500e+00 1.883618e+01 
5.148890e+00 1.858426e+01 
5.184210e+00 1.833757e+01 
5.219060e+00 1.809828e+01 
5.253660e+00 1.786403e+01 
5.288570e+00 1.763191e+01 
5.323420e+00 1.740517e+01 
5.358440e+00 1.718231e+01 
5.393590e+00 1.696258e+01 
5.428310e+00 1.674924e+01 
5.462800e+00 1.654091e+01 
5.497640e+00 1.633410e+01 
5.532670e+00 1.613095e+01 
5.567280e+00 1.593405e+01 
5.602000e+00 1.573985e+01 
5.637270e+00 1.554509e+01 
5.672410e+00 1.535415e+01 
5.707020e+00 1.516924e+01 
5.742040e+00 1.498652e+01 
5.777430e+00 1.480520e+01 
5.812210e+00 1.462994e+01 
5.846820e+00 1.445824e+01 
5.881610e+00 1.428839e+01 
5.916510e+00 1.412075e+01 
5.951600e+00 1.395541e+01 
5.986560e+00 1.379353e+01 
6.021830e+00 1.363283e+01 
6.056490e+00 1.347772e+01 
6.091160e+00 1.332525e+01 
6.125830e+00 1.317515e+01 
6.161090e+00 1.302484e+01 
6.195760e+00 1.287928e+01 
6.230420e+00 1.273598e+01 
6.265690e+00 1.259243e+01 
6.300950e+00 1.245172e+01 
6.335620e+00 1.231547e+01 
6.370880e+00 1.217900e+01 
6.405550e+00 1.204717e+01 
6.440220e+00 1.191743e+01 
6.475480e+00 1.178745e+01 
6.510150e+00 1.166170e+01 
6.544810e+00 1.153819e+01 
6.580080e+00 1.141433e+01 
6.614750e+00 1.129436e+01 
6.649410e+00 1.117613e+01 
6.684080e+00 1.105955e+01 
6.719340e+00 1.094268e+01 
6.754010e+00 1.082955e+01 
6.788680e+00 1.071834e+01 
6.823940e+00 1.060683e+01 
6.859800e+00 1.049504e+01 
6.894470e+00 1.038882e+01 
6.929140e+00 1.028419e+01 
6.963800e+00 1.018102e+01 
6.999070e+00 1.007749e+01 
7.033730e+00 9.977156e+00 
7.068400e+00 9.878156e+00 
7.103660e+00 9.778841e+00 
7.138330e+00 9.682778e+00 
7.173600e+00 9.586925e+00 
7.208260e+00 9.493990e+00 
7.243530e+00 9.400679e+00 
7.277600e+00 9.311525e+00 
7.312860e+00 9.220281e+00 
7.348120e+00 9.130249e+00 
7.382790e+00 9.042886e+00 
7.417460e+00 8.957156e+00 
7.452720e+00 8.871360e+00 
7.487390e+00 8.788088e+00 
7.522650e+00 8.704488e+00 
7.557320e+00 8.623350e+00 
7.591990e+00 8.543243e+00 
7.627250e+00 8.462807e+00 
7.662510e+00 8.383397e+00 
7.697180e+00 8.306554e+00 
7.731850e+00 8.230763e+00 
7.766510e+00 8.155931e+00 
7.801180e+00 8.082000e+00 
7.836440e+00 8.007749e+00 
7.871110e+00 7.935645e+00 
7.906380e+00 7.863194e+00 
7.941040e+00 7.792867e+00 
7.976310e+00 7.722331e+00 
8.011570e+00 7.652865e+00 
8.046240e+00 7.585385e+00 
8.080900e+00 7.518729e+00 
8.115570e+00 7.452883e+00 
8.150830e+00 7.386858e+00 
8.185500e+00 7.322709e+00 
8.220770e+00 7.258222e+00 
8.255430e+00 7.195598e+00 
8.290100e+00 7.133843e+00 
8.324770e+00 7.072822e+00 
8.359430e+00 7.012523e+00 
8.394700e+00 6.951874e+00 
8.429960e+00 6.892036e+00 
8.464630e+00 6.833964e+00 
8.499890e+00 6.775581e+00 
8.534560e+00 6.718831e+00 
8.569200e+00 6.662768e+00 
